Temperature (C)	Pressure (MPa)	Density (kg/m3)	Volume (m3/kg)	Internal Energy (kJ/kg)	Enthalpy (kJ/kg)	Entropy (J/g*K)	Cv (J/g*K)	Cp (J/g*K)	Sound Spd. (m/s)	Joule-Thomson (K/MPa)	Viscosity (Pa*s)	Therm. Cond. (W/m*K)	Phase
-30.000	0.20000	3.1753	0.31493	157.25	220.24	6.0425	0.65311	0.91729	296.98	3.9138	1.7336e-05	0.022059	vapor
-20.000	0.20000	3.0485	0.32803	163.81	229.41	6.0795	0.65375	0.91753	303.04	3.6405	1.7926e-05	0.022881	vapor
-10.000	0.20000	2.9316	0.34111	170.37	238.59	6.1150	0.65456	0.91798	308.97	3.3926	1.8507e-05	0.023698	vapor
0.0000	0.20000	2.8234	0.35419	176.93	247.77	6.1493	0.65553	0.91864	314.77	3.1666	1.9081e-05	0.024511	vapor
10.000	0.20000	2.7229	0.36726	183.51	256.96	6.1823	0.65667	0.91951	320.44	2.9597	1.9646e-05	0.025321	vapor
20.000	0.20000	2.6293	0.38032	190.10	266.16	6.2142	0.65798	0.92058	326.00	2.7696	2.0205e-05	0.026128	vapor
30.000	0.20000	2.5421	0.39338	196.70	275.37	6.2451	0.65945	0.92184	331.44	2.5943	2.0756e-05	0.026933	vapor
40.000	0.20000	2.4604	0.40643	203.31	284.60	6.2751	0.66109	0.92329	336.77	2.4321	2.1300e-05	0.027736	vapor
50.000	0.20000	2.3839	0.41948	209.94	293.84	6.3041	0.66290	0.92492	342.00	2.2818	2.1838e-05	0.028538	vapor
60.000	0.20000	2.3120	0.43253	216.59	303.10	6.3323	0.66485	0.92672	347.13	2.1420	2.2369e-05	0.029340	vapor
70.000	0.20000	2.2443	0.44557	223.26	312.38	6.3598	0.66696	0.92869	352.16	2.0118	2.2893e-05	0.030142	vapor
80.000	0.20000	2.1805	0.45860	229.95	321.67	6.3865	0.66920	0.93081	357.10	1.8903	2.3412e-05	0.030943	vapor
90.000	0.20000	2.1203	0.47164	236.66	330.99	6.4125	0.67157	0.93307	361.96	1.7767	2.3924e-05	0.031745	vapor
100.00	0.20000	2.0633	0.48467	243.40	340.33	6.4379	0.67407	0.93546	366.73	1.6703	2.4431e-05	0.032547	vapor
110.00	0.20000	2.0092	0.49770	250.16	349.70	6.4627	0.67667	0.93797	371.43	1.5704	2.4932e-05	0.033350	vapor
120.00	0.20000	1.9580	0.51073	256.95	359.09	6.4869	0.67938	0.94058	376.04	1.4767	2.5427e-05	0.034154	vapor
130.00	0.20000	1.9093	0.52375	263.76	368.51	6.5105	0.68217	0.94330	380.59	1.3885	2.5918e-05	0.034958	vapor
140.00	0.20000	1.8630	0.53677	270.61	377.96	6.5337	0.68505	0.94610	385.06	1.3055	2.6403e-05	0.035762	vapor
150.00	0.20000	1.8189	0.54980	277.48	387.44	6.5563	0.68799	0.94898	389.47	1.2272	2.6883e-05	0.036568	vapor
160.00	0.20000	1.7768	0.56282	284.38	396.94	6.5785	0.69100	0.95192	393.82	1.1533	2.7358e-05	0.037373	vapor
170.00	0.20000	1.7366	0.57583	291.31	406.47	6.6003	0.69406	0.95492	398.10	1.0836	2.7829e-05	0.038180	vapor
180.00	0.20000	1.6982	0.58885	298.27	416.04	6.6216	0.69716	0.95797	402.33	1.0176	2.8295e-05	0.038986	vapor
190.00	0.20000	1.6615	0.60187	305.26	425.63	6.6426	0.70029	0.96105	406.50	0.95521	2.8756e-05	0.039792	vapor
200.00	0.20000	1.6263	0.61488	312.28	435.26	6.6631	0.70345	0.96417	410.61	0.89609	2.9213e-05	0.040599	vapor
210.00	0.20000	1.5926	0.62789	319.34	444.92	6.6833	0.70663	0.96730	414.68	0.84005	2.9666e-05	0.041405	vapor
220.00	0.20000	1.5603	0.64091	326.42	454.61	6.7032	0.70982	0.97045	418.70	0.78689	3.0115e-05	0.042210	vapor
230.00	0.20000	1.5292	0.65392	333.54	464.33	6.7227	0.71301	0.97361	422.67	0.73641	3.0560e-05	0.043015	vapor
240.00	0.20000	1.4994	0.66693	340.69	474.08	6.7419	0.71621	0.97677	426.60	0.68845	3.1001e-05	0.043820	vapor
250.00	0.20000	1.4707	0.67994	347.87	483.86	6.7608	0.71939	0.97992	430.48	0.64285	3.1438e-05	0.044623	vapor
260.00	0.20000	1.4431	0.69295	355.09	493.68	6.7794	0.72257	0.98307	434.32	0.59945	3.1871e-05	0.045426	vapor
270.00	0.20000	1.4165	0.70595	362.33	503.52	6.7977	0.72573	0.98620	438.12	0.55812	3.2301e-05	0.046227	vapor
280.00	0.20000	1.3909	0.71896	369.61	513.40	6.8157	0.72887	0.98931	441.88	0.51874	3.2727e-05	0.047026	vapor
290.00	0.20000	1.3662	0.73197	376.92	523.31	6.8334	0.73199	0.99240	445.61	0.48118	3.3150e-05	0.047824	vapor
300.00	0.20000	1.3423	0.74497	384.25	533.25	6.8509	0.73508	0.99547	449.30	0.44535	3.3569e-05	0.048620	vapor
310.00	0.20000	1.3193	0.75798	391.62	543.22	6.8682	0.73814	0.99851	452.96	0.41113	3.3985e-05	0.049414	vapor
320.00	0.20000	1.2970	0.77098	399.02	553.22	6.8852	0.74117	1.0015	456.58	0.37844	3.4398e-05	0.050206	vapor
330.00	0.20000	1.2755	0.78399	406.45	563.25	6.9019	0.74416	1.0045	460.17	0.34718	3.4808e-05	0.050996	vapor
340.00	0.20000	1.2547	0.79699	413.91	573.31	6.9185	0.74712	1.0074	463.73	0.31727	3.5215e-05	0.051784	vapor
350.00	0.20000	1.2346	0.80999	421.40	583.40	6.9348	0.75003	1.0103	467.26	0.28865	3.5618e-05	0.052569	vapor
360.00	0.20000	1.2151	0.82300	428.92	593.51	6.9509	0.75291	1.0132	470.76	0.26123	3.6019e-05	0.053351	vapor
370.00	0.20000	1.1962	0.83600	436.46	603.66	6.9668	0.75575	1.0160	474.23	0.23495	3.6417e-05	0.054131	vapor
380.00	0.20000	1.1779	0.84900	444.03	613.83	6.9825	0.75854	1.0188	477.68	0.20975	3.6812e-05	0.054908	vapor
390.00	0.20000	1.1601	0.86200	451.64	624.04	6.9980	0.76130	1.0215	481.10	0.18557	3.7204e-05	0.055682	vapor
400.00	0.20000	1.1429	0.87500	459.26	634.26	7.0133	0.76401	1.0242	484.49	0.16235	3.7594e-05	0.056452	vapor
410.00	0.20000	1.1261	0.88801	466.92	644.52	7.0284	0.76667	1.0269	487.86	0.14005	3.7981e-05	0.057220	vapor
420.00	0.20000	1.1099	0.90101	474.60	654.80	7.0434	0.76929	1.0295	491.20	0.11862	3.8366e-05	0.057985	vapor
430.00	0.20000	1.0941	0.91401	482.31	665.11	7.0581	0.77187	1.0320	494.52	0.098014	3.8748e-05	0.058746	vapor
440.00	0.20000	1.0787	0.92701	490.04	675.44	7.0727	0.77440	1.0346	497.82	0.078186	3.9127e-05	0.059504	vapor
450.00	0.20000	1.0638	0.94001	497.80	685.80	7.0872	0.77689	1.0370	501.09	0.059100	3.9504e-05	0.060259	vapor
460.00	0.20000	1.0493	0.95301	505.58	696.18	7.1014	0.77933	1.0395	504.34	0.040719	3.9879e-05	0.061010	vapor
470.00	0.20000	1.0352	0.96600	513.39	706.59	7.1155	0.78173	1.0419	507.58	0.023008	4.0252e-05	0.061757	vapor
480.00	0.20000	1.0214	0.97900	521.22	717.02	7.1295	0.78409	1.0442	510.79	0.0059341	4.0622e-05	0.062501	vapor
490.00	0.20000	1.0081	0.99200	529.07	727.47	7.1432	0.78640	1.0465	513.97	-0.010533	4.0990e-05	0.063242	vapor
500.00	0.20000	0.99502	1.0050	536.95	737.95	7.1569	0.78867	1.0488	517.14	-0.026423	4.1356e-05	0.063979	vapor
510.00	0.20000	0.98232	1.0180	544.85	748.45	7.1704	0.79090	1.0510	520.29	-0.041762	4.1719e-05	0.064712	vapor
520.00	0.20000	0.96993	1.0310	552.77	758.97	7.1837	0.79308	1.0532	523.42	-0.056576	4.2081e-05	0.065442	vapor
530.00	0.20000	0.95786	1.0440	560.71	769.51	7.1969	0.79523	1.0553	526.54	-0.070890	4.2441e-05	0.066168	vapor
540.00	0.20000	0.94608	1.0570	568.68	780.08	7.2100	0.79733	1.0574	529.63	-0.084726	4.2798e-05	0.066890	vapor
550.00	0.20000	0.93459	1.0700	576.66	790.66	7.2229	0.79939	1.0595	532.70	-0.098106	4.3154e-05	0.067608	vapor
560.00	0.20000	0.92337	1.0830	584.67	801.27	7.2358	0.80141	1.0615	535.76	-0.11105	4.3507e-05	0.068323	vapor
570.00	0.20000	0.91242	1.0960	592.69	811.89	7.2484	0.80340	1.0634	538.80	-0.12358	4.3859e-05	0.069034	vapor
580.00	0.20000	0.90173	1.1090	600.74	822.53	7.2610	0.80534	1.0654	541.82	-0.13571	4.4209e-05	0.069741	vapor
590.00	0.20000	0.89128	1.1220	608.80	833.20	7.2734	0.80725	1.0673	544.83	-0.14746	4.4557e-05	0.070444	vapor
600.00	0.20000	0.88108	1.1350	616.88	843.88	7.2857	0.80912	1.0692	547.82	-0.15884	4.4903e-05	0.071144	vapor
610.00	0.20000	0.87110	1.1480	624.99	854.58	7.2979	0.81095	1.0710	550.80	-0.16987	4.5248e-05	0.071839	vapor
620.00	0.20000	0.86135	1.1610	633.11	865.30	7.3100	0.81275	1.0728	553.75	-0.18057	4.5590e-05	0.072531	vapor
630.00	0.20000	0.85181	1.1740	641.24	876.04	7.3219	0.81452	1.0745	556.70	-0.19095	4.5931e-05	0.073219	vapor
640.00	0.20000	0.84249	1.1870	649.40	886.79	7.3338	0.81625	1.0763	559.62	-0.20102	4.6271e-05	0.073904	vapor
650.00	0.20000	0.83336	1.2000	657.57	897.56	7.3455	0.81794	1.0780	562.54	-0.21080	4.6608e-05	0.074584	vapor
660.00	0.20000	0.82443	1.2130	665.76	908.35	7.3571	0.81961	1.0796	565.43	-0.22029	4.6944e-05	0.075261	vapor
670.00	0.20000	0.81569	1.2259	673.96	919.15	7.3686	0.82124	1.0812	568.32	-0.22951	4.7279e-05	0.075934	vapor
680.00	0.20000	0.80714	1.2389	682.18	929.97	7.3800	0.82284	1.0828	571.19	-0.23847	4.7612e-05	0.076604	vapor
690.00	0.20000	0.79876	1.2519	690.42	940.81	7.3914	0.82441	1.0844	574.04	-0.24718	4.7943e-05	0.077269	vapor
700.00	0.20000	0.79055	1.2649	698.67	951.66	7.4026	0.82595	1.0859	576.88	-0.25564	4.8273e-05	0.077931	vapor
