Temperature (C)	Pressure (MPa)	Density (kg/m3)	Volume (m3/kg)	Internal Energy (kJ/kg)	Enthalpy (kJ/kg)	Entropy (J/g*K)	Cv (J/g*K)	Cp (J/g*K)	Sound Spd. (m/s)	Joule-Thomson (K/MPa)	Viscosity (Pa*s)	Therm. Cond. (W/m*K)	Phase
-30.000	0.10000	2.1984	0.45487	415.02	460.51	2.5714	0.60126	0.79890	244.63	18.778	1.2223e-05	0.012463	vapor
-20.000	0.10000	2.1090	0.47417	421.12	468.54	2.6038	0.61140	0.80788	249.23	16.816	1.2721e-05	0.013178	vapor
-10.000	0.10000	2.0267	0.49341	427.32	476.67	2.6352	0.62167	0.81720	253.71	15.149	1.3217e-05	0.013915	vapor
0.0000	0.10000	1.9508	0.51261	433.62	484.89	2.6659	0.63197	0.82672	258.09	13.721	1.3711e-05	0.014674	vapor
10.000	0.10000	1.8805	0.53178	440.02	493.20	2.6958	0.64223	0.83633	262.37	12.488	1.4201e-05	0.015450	vapor
20.000	0.10000	1.8152	0.55091	446.52	501.61	2.7250	0.65241	0.84596	266.57	11.417	1.4689e-05	0.016241	vapor
30.000	0.10000	1.7543	0.57002	453.12	510.12	2.7535	0.66247	0.85555	270.68	10.479	1.5174e-05	0.017046	vapor
40.000	0.10000	1.6975	0.58911	459.81	518.72	2.7814	0.67238	0.86506	274.72	9.6534	1.5655e-05	0.017861	vapor
50.000	0.10000	1.6442	0.60818	466.60	527.42	2.8088	0.68213	0.87446	278.69	8.9229	1.6134e-05	0.018684	vapor
60.000	0.10000	1.5943	0.62724	473.49	536.21	2.8356	0.69171	0.88373	282.60	8.2731	1.6609e-05	0.019514	vapor
70.000	0.10000	1.5473	0.64628	480.47	545.09	2.8618	0.70110	0.89287	286.44	7.6924	1.7081e-05	0.020350	vapor
80.000	0.10000	1.5031	0.66531	487.54	554.07	2.8876	0.71031	0.90184	290.23	7.1710	1.7549e-05	0.021189	vapor
90.000	0.10000	1.4613	0.68432	494.70	563.13	2.9129	0.71933	0.91066	293.96	6.7010	1.8014e-05	0.022031	vapor
100.00	0.10000	1.4218	0.70333	501.95	572.28	2.9378	0.72817	0.91931	297.64	6.2758	1.8475e-05	0.022875	vapor
110.00	0.10000	1.3844	0.72233	509.28	581.52	2.9622	0.73682	0.92780	301.27	5.8896	1.8933e-05	0.023719	vapor
120.00	0.10000	1.3489	0.74132	516.70	590.84	2.9862	0.74529	0.93613	304.85	5.5377	1.9387e-05	0.024564	vapor
130.00	0.10000	1.3153	0.76031	524.21	600.24	3.0098	0.75358	0.94429	308.39	5.2161	1.9837e-05	0.025409	vapor
140.00	0.10000	1.2832	0.77928	531.79	609.72	3.0331	0.76170	0.95228	311.88	4.9213	2.0284e-05	0.026252	vapor
150.00	0.10000	1.2527	0.79826	539.46	619.28	3.0559	0.76964	0.96012	315.33	4.6502	2.0728e-05	0.027094	vapor
160.00	0.10000	1.2237	0.81722	547.20	628.92	3.0784	0.77742	0.96781	318.75	4.4003	2.1168e-05	0.027934	vapor
170.00	0.10000	1.1959	0.83619	555.02	638.64	3.1006	0.78504	0.97534	322.12	4.1694	2.1604e-05	0.028773	vapor
180.00	0.10000	1.1694	0.85515	562.92	648.43	3.1225	0.79250	0.98272	325.45	3.9556	2.2037e-05	0.029609	vapor
190.00	0.10000	1.1440	0.87410	570.88	658.29	3.1440	0.79982	0.98996	328.75	3.7571	2.2466e-05	0.030442	vapor
200.00	0.10000	1.1198	0.89305	578.92	668.23	3.1652	0.80698	0.99706	332.02	3.5724	2.2891e-05	0.031273	vapor
210.00	0.10000	1.0965	0.91200	587.03	678.23	3.1861	0.81400	1.0040	335.25	3.4003	2.3314e-05	0.032102	vapor
220.00	0.10000	1.0742	0.93095	595.21	688.31	3.2068	0.82088	1.0108	338.45	3.2396	2.3732e-05	0.032927	vapor
230.00	0.10000	1.0528	0.94989	603.46	698.45	3.2271	0.82763	1.0175	341.62	3.0892	2.4148e-05	0.033749	vapor
240.00	0.10000	1.0322	0.96883	611.78	708.66	3.2472	0.83424	1.0241	344.75	2.9483	2.4559e-05	0.034569	vapor
250.00	0.10000	1.0124	0.98777	620.16	718.93	3.2671	0.84073	1.0305	347.86	2.8160	2.4968e-05	0.035385	vapor
260.00	0.10000	0.99334	1.0067	628.60	729.27	3.2866	0.84710	1.0369	350.94	2.6917	2.5373e-05	0.036199	vapor
270.00	0.10000	0.97500	1.0256	637.11	739.67	3.3060	0.85334	1.0431	353.99	2.5746	2.5775e-05	0.037009	vapor
280.00	0.10000	0.95733	1.0446	645.67	750.13	3.3250	0.85946	1.0492	357.01	2.4642	2.6174e-05	0.037816	vapor
290.00	0.10000	0.94029	1.0635	654.30	760.65	3.3439	0.86548	1.0551	360.00	2.3600	2.6569e-05	0.038620	vapor
300.00	0.10000	0.92385	1.0824	662.99	771.23	3.3625	0.87137	1.0610	362.97	2.2615	2.6961e-05	0.039421	vapor
310.00	0.10000	0.90797	1.1014	671.74	781.87	3.3809	0.87716	1.0668	365.92	2.1683	2.7350e-05	0.040218	vapor
320.00	0.10000	0.89264	1.1203	680.54	792.57	3.3991	0.88285	1.0724	368.84	2.0799	2.7736e-05	0.041012	vapor
330.00	0.10000	0.87781	1.1392	689.40	803.32	3.4171	0.88843	1.0780	371.74	1.9961	2.8119e-05	0.041803	vapor
340.00	0.10000	0.86346	1.1581	698.31	814.13	3.4349	0.89391	1.0834	374.61	1.9165	2.8499e-05	0.042591	vapor
350.00	0.10000	0.84958	1.1770	707.28	824.99	3.4524	0.89929	1.0888	377.46	1.8409	2.8876e-05	0.043375	vapor
360.00	0.10000	0.83614	1.1960	716.30	835.90	3.4698	0.90457	1.0940	380.29	1.7689	2.9249e-05	0.044157	vapor
370.00	0.10000	0.82312	1.2149	725.38	846.87	3.4870	0.90975	1.0992	383.10	1.7003	2.9620e-05	0.044935	vapor
380.00	0.10000	0.81050	1.2338	734.50	857.89	3.5040	0.91485	1.1043	385.89	1.6349	2.9989e-05	0.045709	vapor
390.00	0.10000	0.79826	1.2527	743.68	868.95	3.5208	0.91985	1.1093	388.65	1.5724	3.0354e-05	0.046481	vapor
400.00	0.10000	0.78639	1.2716	752.91	880.07	3.5374	0.92476	1.1142	391.40	1.5128	3.0716e-05	0.047249	vapor
410.00	0.10000	0.77486	1.2906	762.18	891.24	3.5539	0.92958	1.1190	394.13	1.4558	3.1076e-05	0.048014	vapor
420.00	0.10000	0.76367	1.3095	771.50	902.45	3.5702	0.93432	1.1237	396.84	1.4013	3.1433e-05	0.048776	vapor
430.00	0.10000	0.75280	1.3284	780.87	913.71	3.5863	0.93897	1.1283	399.53	1.3491	3.1787e-05	0.049534	vapor
440.00	0.10000	0.74223	1.3473	790.29	925.02	3.6023	0.94354	1.1329	402.20	1.2991	3.2139e-05	0.050289	vapor
450.00	0.10000	0.73195	1.3662	799.75	936.37	3.6181	0.94803	1.1374	404.85	1.2512	3.2488e-05	0.051041	vapor
460.00	0.10000	0.72196	1.3851	809.25	947.76	3.6337	0.95244	1.1417	407.49	1.2052	3.2835e-05	0.051790	vapor
470.00	0.10000	0.71224	1.4040	818.80	959.20	3.6492	0.95677	1.1461	410.11	1.1610	3.3179e-05	0.052535	vapor
480.00	0.10000	0.70277	1.4229	828.39	970.68	3.6646	0.96103	1.1503	412.71	1.1185	3.3520e-05	0.053277	vapor
490.00	0.10000	0.69355	1.4419	838.02	982.21	3.6798	0.96520	1.1545	415.29	1.0777	3.3859e-05	0.054016	vapor
500.00	0.10000	0.68458	1.4608	847.70	993.77	3.6948	0.96931	1.1586	417.86	1.0385	3.4196e-05	0.054751	vapor
510.00	0.10000	0.67583	1.4797	857.41	1005.4	3.7098	0.97334	1.1626	420.42	1.0007	3.4530e-05	0.055483	vapor
520.00	0.10000	0.66730	1.4986	867.17	1017.0	3.7245	0.97730	1.1665	422.95	0.96427	3.4862e-05	0.056212	vapor
530.00	0.10000	0.65898	1.5175	876.96	1028.7	3.7392	0.98119	1.1704	425.48	0.92920	3.5192e-05	0.056938	vapor
540.00	0.10000	0.65088	1.5364	886.79	1040.4	3.7537	0.98501	1.1742	427.99	0.89537	3.5519e-05	0.057661	vapor
550.00	0.10000	0.64296	1.5553	896.66	1052.2	3.7681	0.98876	1.1780	430.48	0.86274	3.5845e-05	0.058380	vapor
560.00	0.10000	0.63524	1.5742	906.57	1064.0	3.7823	0.99245	1.1817	432.96	0.83124	3.6168e-05	0.059096	vapor
570.00	0.10000	0.62770	1.5931	916.51	1075.8	3.7964	0.99607	1.1853	435.43	0.80083	3.6488e-05	0.059808	vapor
580.00	0.10000	0.62034	1.6120	926.49	1087.7	3.8104	0.99963	1.1888	437.88	0.77143	3.6807e-05	0.060518	vapor
590.00	0.10000	0.61315	1.6309	936.51	1099.6	3.8243	1.0031	1.1923	440.32	0.74302	3.7124e-05	0.061224	vapor
600.00	0.10000	0.60612	1.6498	946.56	1111.5	3.8380	1.0066	1.1957	442.74	0.71554	3.7438e-05	0.061927	vapor
610.00	0.10000	0.59926	1.6687	956.64	1123.5	3.8517	1.0099	1.1991	445.15	0.68895	3.7751e-05	0.062627	vapor
620.00	0.10000	0.59254	1.6876	966.76	1135.5	3.8652	1.0132	1.2024	447.55	0.66321	3.8061e-05	0.063324	vapor
630.00	0.10000	0.58598	1.7065	976.91	1147.6	3.8786	1.0165	1.2056	449.94	0.63828	3.8370e-05	0.064017	vapor
640.00	0.10000	0.57956	1.7254	987.09	1159.6	3.8919	1.0197	1.2088	452.31	0.61413	3.8676e-05	0.064707	vapor
650.00	0.10000	0.57328	1.7443	997.31	1171.7	3.9051	1.0228	1.2120	454.67	0.59072	3.8981e-05	0.065395	vapor
660.00	0.10000	0.56713	1.7633	1007.6	1183.9	3.9182	1.0259	1.2151	457.02	0.56802	3.9284e-05	0.066079	vapor
670.00	0.10000	0.56112	1.7822	1017.8	1196.0	3.9311	1.0290	1.2181	459.36	0.54600	3.9585e-05	0.066759	vapor
680.00	0.10000	0.55523	1.8011	1028.1	1208.2	3.9440	1.0319	1.2211	461.69	0.52463	3.9884e-05	0.067437	vapor
690.00	0.10000	0.54946	1.8200	1038.5	1220.5	3.9568	1.0349	1.2240	464.00	0.50388	4.0181e-05	0.068112	vapor
700.00	0.10000	0.54381	1.8389	1048.8	1232.7	3.9694	1.0377	1.2269	466.30	0.48373	4.0477e-05	0.068783	vapor
710.00	0.10000	0.53828	1.8578	1059.2	1245.0	3.9820	1.0406	1.2297	468.60	0.46416	4.0771e-05	0.069452	vapor
720.00	0.10000	0.53286	1.8767	1069.6	1257.3	3.9944	1.0433	1.2324	470.88	0.44514	4.1063e-05	0.070117	vapor
730.00	0.10000	0.52755	1.8956	1080.1	1269.6	4.0068	1.0461	1.2352	473.15	0.42665	4.1353e-05	0.070780	vapor
740.00	0.10000	0.52234	1.9145	1090.6	1282.0	4.0191	1.0488	1.2379	475.41	0.40866	4.1642e-05	0.071439	vapor
750.00	0.10000	0.51723	1.9334	1101.1	1294.4	4.0312	1.0514	1.2405	477.66	0.39116	4.1929e-05	0.072096	vapor
760.00	0.10000	0.51222	1.9523	1111.6	1306.8	4.0433	1.0540	1.2431	479.90	0.37414	4.2214e-05	0.072749	vapor
770.00	0.10000	0.50731	1.9712	1122.1	1319.3	4.0553	1.0565	1.2456	482.12	0.35756	4.2498e-05	0.073399	vapor
780.00	0.10000	0.50249	1.9901	1132.7	1331.7	4.0672	1.0590	1.2481	484.34	0.34142	4.2781e-05	0.074047	vapor
790.00	0.10000	0.49777	2.0090	1143.3	1344.2	4.0790	1.0615	1.2506	486.55	0.32570	4.3062e-05	0.074692	vapor
800.00	0.10000	0.49313	2.0279	1154.0	1356.7	4.0907	1.0639	1.2530	488.75	0.31038	4.3341e-05	0.075333	vapor
