Temperature (C)	Pressure (MPa)	Density (kg/m3)	Volume (m3/kg)	Internal Energy (kJ/kg)	Enthalpy (kJ/kg)	Entropy (J/g*K)	Cv (J/g*K)	Cp (J/g*K)	Sound Spd. (m/s)	Joule-Thomson (K/MPa)	Viscosity (Pa*s)	Therm. Cond. (W/m*K)	Phase
-30.000	1.5000	1076.0	0.00092938	131.94	133.34	0.74955	0.94232	2.0718	783.80	-0.0038492	0.00016436	0.14694	liquid
-28.521	1.5000	1069.5	0.00093506	135.01	136.41	0.76215	0.94087	2.0844	772.20	0.0087480	0.00016027	0.14504	liquid
-28.521	1.5000	39.005	0.025638	398.47	436.93	1.9906	0.72332	1.1595	222.30	19.023	1.2556e-05	0.013869	vapor
-20.000	1.5000	36.712	0.027239	405.64	446.50	2.0291	0.70763	1.0910	229.10	17.190	1.2959e-05	0.014327	vapor
-10.000	1.5000	34.484	0.028999	413.63	457.13	2.0703	0.69677	1.0393	236.31	15.396	1.3435e-05	0.014940	vapor
0.0000	1.5000	32.606	0.030670	421.34	467.35	2.1084	0.69218	1.0069	242.87	13.891	1.3912e-05	0.015606	vapor
10.000	1.5000	30.984	0.032275	428.89	477.31	2.1442	0.69163	0.98617	248.95	12.607	1.4389e-05	0.016312	vapor
20.000	1.5000	29.558	0.033832	436.35	487.10	2.1782	0.69367	0.97292	254.65	11.498	1.4865e-05	0.017046	vapor
30.000	1.5000	28.289	0.035349	443.76	496.78	2.2107	0.69742	0.96471	260.04	10.532	1.5339e-05	0.017803	vapor
40.000	1.5000	27.147	0.036836	451.15	506.40	2.2419	0.70229	0.95998	265.19	9.6849	1.5812e-05	0.018577	vapor
50.000	1.5000	26.111	0.038297	458.54	515.99	2.2720	0.70794	0.95778	270.12	8.9370	1.6282e-05	0.019366	vapor
60.000	1.5000	25.165	0.039737	465.96	525.56	2.3012	0.71416	0.95749	274.88	8.2731	1.6750e-05	0.020165	vapor
70.000	1.5000	24.296	0.041160	473.40	535.14	2.3295	0.72077	0.95862	279.47	7.6808	1.7216e-05	0.020973	vapor
80.000	1.5000	23.493	0.042566	480.89	544.74	2.3571	0.72764	0.96082	283.93	7.1499	1.7678e-05	0.021787	vapor
90.000	1.5000	22.748	0.043960	488.42	554.36	2.3840	0.73469	0.96386	288.26	6.6723	1.8137e-05	0.022607	vapor
100.00	1.5000	22.055	0.045342	496.01	564.02	2.4102	0.74183	0.96754	292.48	6.2408	1.8594e-05	0.023430	vapor
110.00	1.5000	21.407	0.046714	503.64	573.71	2.4358	0.74904	0.97172	296.60	5.8497	1.9047e-05	0.024256	vapor
120.00	1.5000	20.800	0.048078	511.34	583.45	2.4609	0.75626	0.97628	300.63	5.4939	1.9497e-05	0.025083	vapor
130.00	1.5000	20.229	0.049433	519.09	593.24	2.4855	0.76346	0.98114	304.58	5.1693	1.9944e-05	0.025911	vapor
140.00	1.5000	19.692	0.050782	526.91	603.08	2.5096	0.77064	0.98623	308.44	4.8722	2.0387e-05	0.026740	vapor
150.00	1.5000	19.185	0.052124	534.78	612.97	2.5333	0.77776	0.99149	312.23	4.5994	2.0827e-05	0.027567	vapor
160.00	1.5000	18.705	0.053461	542.72	622.91	2.5565	0.78481	0.99687	315.96	4.3484	2.1264e-05	0.028394	vapor
170.00	1.5000	18.250	0.054793	550.71	632.90	2.5793	0.79179	1.0023	319.62	4.1168	2.1697e-05	0.029220	vapor
180.00	1.5000	17.819	0.056120	558.77	642.96	2.6017	0.79868	1.0079	323.22	3.9026	2.2127e-05	0.030043	vapor
190.00	1.5000	17.408	0.057444	566.90	653.06	2.6238	0.80549	1.0135	326.77	3.7040	2.2554e-05	0.030866	vapor
200.00	1.5000	17.017	0.058763	575.08	663.22	2.6455	0.81220	1.0190	330.27	3.5195	2.2977e-05	0.031687	vapor
210.00	1.5000	16.645	0.060079	583.32	673.44	2.6669	0.81881	1.0246	333.71	3.3477	2.3397e-05	0.032506	vapor
220.00	1.5000	16.289	0.061392	591.63	683.72	2.6879	0.82533	1.0302	337.11	3.1875	2.3813e-05	0.033322	vapor
230.00	1.5000	15.948	0.062702	599.99	694.05	2.7087	0.83175	1.0358	340.46	3.0378	2.4226e-05	0.034136	vapor
240.00	1.5000	15.623	0.064010	608.42	704.43	2.7291	0.83808	1.0413	343.77	2.8976	2.4636e-05	0.034947	vapor
250.00	1.5000	15.310	0.065315	616.90	714.87	2.7492	0.84430	1.0468	347.04	2.7662	2.5043e-05	0.035755	vapor
260.00	1.5000	15.011	0.066618	625.44	725.37	2.7691	0.85042	1.0523	350.27	2.6427	2.5446e-05	0.036561	vapor
270.00	1.5000	14.724	0.067918	634.04	735.92	2.7887	0.85645	1.0576	353.46	2.5266	2.5846e-05	0.037364	vapor
280.00	1.5000	14.447	0.069217	642.70	746.52	2.8081	0.86237	1.0630	356.62	2.4172	2.6243e-05	0.038164	vapor
290.00	1.5000	14.182	0.070514	651.41	757.18	2.8272	0.86820	1.0683	359.74	2.3140	2.6637e-05	0.038961	vapor
300.00	1.5000	13.926	0.071809	660.17	767.89	2.8460	0.87393	1.0735	362.83	2.2165	2.7028e-05	0.039755	vapor
310.00	1.5000	13.679	0.073103	668.99	778.65	2.8646	0.87957	1.0787	365.88	2.1243	2.7416e-05	0.040547	vapor
320.00	1.5000	13.442	0.074395	677.87	789.46	2.8830	0.88512	1.0838	368.91	2.0370	2.7800e-05	0.041335	vapor
330.00	1.5000	13.213	0.075686	686.80	800.32	2.9012	0.89057	1.0888	371.90	1.9542	2.8182e-05	0.042120	vapor
340.00	1.5000	12.991	0.076975	695.77	811.24	2.9191	0.89593	1.0938	374.87	1.8756	2.8560e-05	0.042902	vapor
350.00	1.5000	12.777	0.078263	704.80	822.20	2.9368	0.90120	1.0987	377.81	1.8010	2.8936e-05	0.043681	vapor
360.00	1.5000	12.571	0.079550	713.88	833.21	2.9544	0.90638	1.1035	380.72	1.7300	2.9309e-05	0.044457	vapor
370.00	1.5000	12.371	0.080836	723.02	844.27	2.9717	0.91147	1.1083	383.61	1.6624	2.9678e-05	0.045230	vapor
380.00	1.5000	12.177	0.082122	732.19	855.38	2.9888	0.91648	1.1130	386.47	1.5979	3.0045e-05	0.046000	vapor
390.00	1.5000	11.990	0.083406	741.42	866.53	3.0058	0.92140	1.1177	389.31	1.5365	3.0410e-05	0.046767	vapor
400.00	1.5000	11.808	0.084689	750.70	877.73	3.0225	0.92623	1.1222	392.13	1.4778	3.0771e-05	0.047531	vapor
410.00	1.5000	11.632	0.085971	760.02	888.97	3.0391	0.93099	1.1267	394.92	1.4217	3.1130e-05	0.048291	vapor
420.00	1.5000	11.461	0.087253	769.38	900.26	3.0555	0.93566	1.1312	397.69	1.3681	3.1486e-05	0.049049	vapor
430.00	1.5000	11.295	0.088533	778.80	911.60	3.0718	0.94026	1.1355	400.43	1.3167	3.1839e-05	0.049803	vapor
440.00	1.5000	11.134	0.089813	788.25	922.97	3.0878	0.94477	1.1398	403.16	1.2676	3.2190e-05	0.050554	vapor
450.00	1.5000	10.978	0.091093	797.75	934.39	3.1037	0.94921	1.1440	405.86	1.2204	3.2538e-05	0.051302	vapor
460.00	1.5000	10.826	0.092371	807.30	945.85	3.1195	0.95356	1.1482	408.55	1.1752	3.2884e-05	0.052047	vapor
470.00	1.5000	10.678	0.093649	816.88	957.36	3.1351	0.95785	1.1523	411.22	1.1318	3.3227e-05	0.052789	vapor
480.00	1.5000	10.534	0.094927	826.51	968.90	3.1505	0.96206	1.1563	413.86	1.0901	3.3568e-05	0.053527	vapor
490.00	1.5000	10.395	0.096204	836.18	980.48	3.1658	0.96620	1.1603	416.49	1.0501	3.3907e-05	0.054262	vapor
500.00	1.5000	10.259	0.097480	845.89	992.11	3.1809	0.97026	1.1642	419.10	1.0115	3.4243e-05	0.054995	vapor
510.00	1.5000	10.126	0.098756	855.63	1003.8	3.1959	0.97426	1.1680	421.70	0.97443	3.4576e-05	0.055724	vapor
520.00	1.5000	9.9969	0.10003	865.42	1015.5	3.2107	0.97818	1.1718	424.27	0.93871	3.4907e-05	0.056449	vapor
530.00	1.5000	9.8711	0.10131	875.24	1027.2	3.2254	0.98204	1.1755	426.83	0.90429	3.5236e-05	0.057172	vapor
540.00	1.5000	9.7485	0.10258	885.11	1039.0	3.2400	0.98583	1.1792	429.37	0.87111	3.5563e-05	0.057891	vapor
550.00	1.5000	9.6289	0.10385	895.01	1050.8	3.2544	0.98955	1.1828	431.90	0.83910	3.5888e-05	0.058608	vapor
560.00	1.5000	9.5123	0.10513	904.94	1062.6	3.2687	0.99321	1.1863	434.41	0.80821	3.6210e-05	0.059321	vapor
570.00	1.5000	9.3984	0.10640	914.91	1074.5	3.2829	0.99681	1.1898	436.90	0.77837	3.6530e-05	0.060031	vapor
580.00	1.5000	9.2873	0.10767	924.92	1086.4	3.2970	1.0003	1.1932	439.38	0.74955	3.6849e-05	0.060737	vapor
590.00	1.5000	9.1789	0.10895	934.96	1098.4	3.3109	1.0038	1.1966	441.85	0.72169	3.7165e-05	0.061441	vapor
600.00	1.5000	9.0729	0.11022	945.03	1110.4	3.3247	1.0072	1.1999	444.30	0.69475	3.7479e-05	0.062141	vapor
610.00	1.5000	8.9695	0.11149	955.14	1122.4	3.3384	1.0106	1.2031	446.74	0.66868	3.7791e-05	0.062839	vapor
620.00	1.5000	8.8683	0.11276	965.28	1134.4	3.3519	1.0139	1.2063	449.16	0.64345	3.8101e-05	0.063533	vapor
630.00	1.5000	8.7695	0.11403	975.45	1146.5	3.3654	1.0171	1.2095	451.57	0.61901	3.8409e-05	0.064224	vapor
640.00	1.5000	8.6728	0.11530	985.66	1158.6	3.3787	1.0203	1.2126	453.96	0.59534	3.8715e-05	0.064912	vapor
650.00	1.5000	8.5783	0.11657	995.89	1170.8	3.3919	1.0234	1.2156	456.34	0.57239	3.9019e-05	0.065597	vapor
660.00	1.5000	8.4858	0.11784	1006.2	1182.9	3.4051	1.0265	1.2186	458.71	0.55015	3.9321e-05	0.066279	vapor
670.00	1.5000	8.3954	0.11911	1016.5	1195.1	3.4181	1.0295	1.2215	461.07	0.52856	3.9622e-05	0.066957	vapor
680.00	1.5000	8.3068	0.12038	1026.8	1207.4	3.4310	1.0325	1.2244	463.41	0.50762	3.9920e-05	0.067633	vapor
690.00	1.5000	8.2202	0.12165	1037.1	1219.6	3.4438	1.0354	1.2273	465.75	0.48729	4.0217e-05	0.068305	vapor
700.00	1.5000	8.1353	0.12292	1047.5	1231.9	3.4564	1.0382	1.2300	468.07	0.46755	4.0512e-05	0.068975	vapor
710.00	1.5000	8.0522	0.12419	1057.9	1244.2	3.4690	1.0411	1.2328	470.37	0.44837	4.0806e-05	0.069641	vapor
720.00	1.5000	7.9707	0.12546	1068.4	1256.6	3.4815	1.0438	1.2355	472.67	0.42972	4.1097e-05	0.070305	vapor
730.00	1.5000	7.8909	0.12673	1078.8	1268.9	3.4939	1.0465	1.2381	474.95	0.41160	4.1387e-05	0.070965	vapor
740.00	1.5000	7.8128	0.12800	1089.3	1281.3	3.5062	1.0492	1.2407	477.23	0.39398	4.1676e-05	0.071623	vapor
750.00	1.5000	7.7361	0.12926	1099.8	1293.7	3.5184	1.0518	1.2433	479.49	0.37683	4.1963e-05	0.072277	vapor
760.00	1.5000	7.6610	0.13053	1110.4	1306.2	3.5305	1.0544	1.2458	481.74	0.36014	4.2248e-05	0.072929	vapor
770.00	1.5000	7.5873	0.13180	1121.0	1318.7	3.5425	1.0569	1.2483	483.98	0.34390	4.2531e-05	0.073578	vapor
780.00	1.5000	7.5150	0.13307	1131.5	1331.1	3.5545	1.0594	1.2508	486.21	0.32808	4.2813e-05	0.074223	vapor
790.00	1.5000	7.4441	0.13433	1142.2	1343.7	3.5663	1.0619	1.2532	488.43	0.31268	4.3094e-05	0.074866	vapor
800.00	1.5000	7.3746	0.13560	1152.8	1356.2	3.5780	1.0643	1.2555	490.64	0.29766	4.3373e-05	0.075506	vapor
810.00	1.5000	7.3063	0.13687	1163.5	1368.8	3.5897	1.0667	1.2578	492.84	0.28303	4.3650e-05	0.076143	vapor
820.00	1.5000	7.2393	0.13814	1174.2	1381.4	3.6013	1.0690	1.2601	495.03	0.26876	4.3926e-05	0.076778	vapor
