Temperature (C)	Pressure (MPa)	Density (kg/m3)	Volume (m3/kg)	Internal Energy (kJ/kg)	Enthalpy (kJ/kg)	Entropy (J/g*K)	Cv (J/g*K)	Cp (J/g*K)	Sound Spd. (m/s)	Joule-Thomson (K/MPa)	Viscosity (Pa*s)	Therm. Cond. (W/m*K)	Phase
1.0000	0.20000	999.95	0.0010000	4.1788	4.3788	0.015270	4.2143	4.2156	1407.5	-0.24044	0.0017306	0.56303	liquid
11.000	0.20000	999.65	0.0010003	46.209	46.409	0.16585	4.1871	4.1932	1451.4	-0.23169	0.0012690	0.58198	liquid
21.000	0.20000	998.04	0.0010020	88.083	88.284	0.31069	4.1526	4.1831	1485.5	-0.22421	0.00097752	0.60028	liquid
31.000	0.20000	995.39	0.0010046	129.89	130.09	0.45046	4.1127	4.1794	1511.6	-0.21755	0.00078067	0.61715	liquid
41.000	0.20000	991.87	0.0010082	171.68	171.88	0.58565	4.0685	4.1793	1530.7	-0.21144	0.00064091	0.63207	liquid
51.000	0.20000	987.62	0.0010125	213.48	213.68	0.71664	4.0211	4.1814	1543.8	-0.20569	0.00053782	0.64482	liquid
61.000	0.20000	982.72	0.0010176	255.31	255.52	0.84374	3.9712	4.1852	1551.7	-0.20012	0.00045946	0.65540	liquid
71.000	0.20000	977.23	0.0010233	297.19	297.39	0.96722	3.9197	4.1904	1555.1	-0.19464	0.00039845	0.66394	liquid
81.000	0.20000	971.21	0.0010296	339.12	339.33	1.0873	3.8674	4.1973	1554.4	-0.18911	0.00034999	0.67066	liquid
91.000	0.20000	964.68	0.0010366	381.14	381.35	1.2043	3.8149	4.2059	1550.1	-0.18347	0.00031087	0.67576	liquid
101.00	0.20000	957.67	0.0010442	423.25	423.46	1.3184	3.7628	4.2166	1542.5	-0.17761	0.00027883	0.67946	liquid
111.00	0.20000	950.21	0.0010524	465.47	465.69	1.4298	3.7115	4.2296	1531.9	-0.17146	0.00025227	0.68192	liquid
120.21	0.20000	942.94	0.0010605	504.49	504.70	1.5302	3.6652	4.2439	1519.6	-0.16547	0.00023162	0.68321	liquid
120.21	0.20000	1.1291	0.88568	2529.1	2706.2	7.1269	1.6184	2.1782	481.83	52.775	1.2963e-05	0.027493	vapor
121.00	0.20000	1.1265	0.88769	2530.4	2707.9	7.1313	1.6145	2.1725	482.41	52.177	1.2994e-05	0.027542	vapor
131.00	0.20000	1.0954	0.91287	2546.8	2729.4	7.1850	1.5795	2.1202	489.48	45.865	1.3384e-05	0.028190	vapor
141.00	0.20000	1.0664	0.93771	2562.9	2750.4	7.2364	1.5585	2.0871	496.18	40.965	1.3777e-05	0.028884	vapor
151.00	0.20000	1.0392	0.96230	2578.7	2771.2	7.2859	1.5444	2.0636	502.65	36.893	1.4172e-05	0.029619	vapor
161.00	0.20000	1.0135	0.98669	2594.4	2791.7	7.3338	1.5346	2.0463	508.93	33.421	1.4571e-05	0.030390	vapor
171.00	0.20000	0.98920	1.0109	2609.9	2812.1	7.3802	1.5280	2.0334	515.05	30.426	1.4972e-05	0.031193	vapor
181.00	0.20000	0.96617	1.0350	2625.4	2832.4	7.4254	1.5238	2.0241	521.03	27.824	1.5375e-05	0.032027	vapor
191.00	0.20000	0.94430	1.0590	2640.8	2852.6	7.4694	1.5214	2.0174	526.89	25.550	1.5780e-05	0.032888	vapor
201.00	0.20000	0.92347	1.0829	2656.2	2872.7	7.5123	1.5205	2.0129	532.63	23.551	1.6186e-05	0.033773	vapor
211.00	0.20000	0.90361	1.1067	2671.5	2892.9	7.5543	1.5208	2.0101	538.27	21.784	1.6595e-05	0.034682	vapor
221.00	0.20000	0.88465	1.1304	2686.9	2913.0	7.5954	1.5221	2.0087	543.81	20.214	1.7005e-05	0.035613	vapor
231.00	0.20000	0.86650	1.1541	2702.2	2933.0	7.6356	1.5241	2.0085	549.27	18.813	1.7416e-05	0.036564	vapor
241.00	0.20000	0.84913	1.1777	2717.6	2953.1	7.6751	1.5268	2.0092	554.64	17.558	1.7828e-05	0.037534	vapor
251.00	0.20000	0.83247	1.2012	2733.0	2973.2	7.7138	1.5301	2.0106	559.93	16.427	1.8242e-05	0.038521	vapor
261.00	0.20000	0.81647	1.2248	2748.4	2993.3	7.7518	1.5338	2.0128	565.15	15.405	1.8656e-05	0.039526	vapor
271.00	0.20000	0.80111	1.2483	2763.8	3013.5	7.7892	1.5378	2.0154	570.31	14.477	1.9071e-05	0.040546	vapor
281.00	0.20000	0.78633	1.2717	2779.3	3033.6	7.8259	1.5422	2.0186	575.39	13.632	1.9487e-05	0.041582	vapor
291.00	0.20000	0.77210	1.2952	2794.8	3053.9	7.8620	1.5468	2.0221	580.42	12.860	1.9903e-05	0.042632	vapor
301.00	0.20000	0.75840	1.3186	2810.4	3074.1	7.8976	1.5517	2.0260	585.38	12.153	2.0320e-05	0.043695	vapor
311.00	0.20000	0.74518	1.3420	2826.0	3094.4	7.9326	1.5568	2.0302	590.29	11.503	2.0737e-05	0.044772	vapor
321.00	0.20000	0.73243	1.3653	2841.6	3114.7	7.9671	1.5620	2.0347	595.14	10.904	2.1154e-05	0.045861	vapor
331.00	0.20000	0.72012	1.3887	2857.3	3135.1	8.0011	1.5674	2.0393	599.94	10.350	2.1571e-05	0.046962	vapor
341.00	0.20000	0.70822	1.4120	2873.1	3155.5	8.0346	1.5730	2.0442	604.69	9.8373	2.1989e-05	0.048075	vapor
351.00	0.20000	0.69672	1.4353	2888.9	3176.0	8.0677	1.5786	2.0493	609.38	9.3614	2.2406e-05	0.049199	vapor
361.00	0.20000	0.68559	1.4586	2904.8	3196.5	8.1003	1.5844	2.0545	614.03	8.9188	2.2823e-05	0.050333	vapor
371.00	0.20000	0.67482	1.4819	2920.7	3217.0	8.1325	1.5903	2.0599	618.64	8.5064	2.3240e-05	0.051478	vapor
381.00	0.20000	0.66439	1.5051	2936.6	3237.7	8.1643	1.5963	2.0654	623.19	8.1213	2.3657e-05	0.052633	vapor
391.00	0.20000	0.65428	1.5284	2952.7	3258.4	8.1956	1.6023	2.0711	627.71	7.7611	2.4073e-05	0.053798	vapor
401.00	0.20000	0.64447	1.5517	2968.8	3279.1	8.2266	1.6085	2.0768	632.18	7.4238	2.4489e-05	0.054972	vapor
411.00	0.20000	0.63496	1.5749	2984.9	3299.9	8.2573	1.6147	2.0826	636.61	7.1072	2.4905e-05	0.056155	vapor
421.00	0.20000	0.62573	1.5981	3001.1	3320.7	8.2875	1.6210	2.0886	641.00	6.8098	2.5320e-05	0.057346	vapor
431.00	0.20000	0.61677	1.6214	3017.4	3341.7	8.3174	1.6273	2.0946	645.35	6.5299	2.5734e-05	0.058547	vapor
441.00	0.20000	0.60806	1.6446	3033.7	3362.6	8.3470	1.6337	2.1007	649.66	6.2662	2.6148e-05	0.059756	vapor
451.00	0.20000	0.59960	1.6678	3050.1	3383.7	8.3763	1.6401	2.1069	653.94	6.0175	2.6561e-05	0.060973	vapor
461.00	0.20000	0.59137	1.6910	3066.6	3404.8	8.4052	1.6466	2.1131	658.18	5.7825	2.6974e-05	0.062198	vapor
471.00	0.20000	0.58337	1.7142	3083.1	3425.9	8.4338	1.6532	2.1194	662.38	5.5604	2.7386e-05	0.063430	vapor
481.00	0.20000	0.57558	1.7374	3099.7	3447.2	8.4622	1.6598	2.1258	666.55	5.3501	2.7797e-05	0.064671	vapor
491.00	0.20000	0.56800	1.7606	3116.3	3468.5	8.4902	1.6664	2.1322	670.69	5.1508	2.8207e-05	0.065918	vapor
501.00	0.20000	0.56062	1.7837	3133.1	3489.8	8.5180	1.6731	2.1387	674.79	4.9617	2.8617e-05	0.067173	vapor
511.00	0.20000	0.55343	1.8069	3149.8	3511.2	8.5455	1.6798	2.1453	678.86	4.7822	2.9025e-05	0.068435	vapor
521.00	0.20000	0.54642	1.8301	3166.7	3532.7	8.5727	1.6866	2.1518	682.90	4.6117	2.9433e-05	0.069704	vapor
531.00	0.20000	0.53959	1.8533	3183.6	3554.3	8.5997	1.6934	2.1585	686.91	4.4494	2.9840e-05	0.070980	vapor
541.00	0.20000	0.53293	1.8764	3200.6	3575.9	8.6264	1.7002	2.1651	690.89	4.2949	3.0246e-05	0.072262	vapor
551.00	0.20000	0.52643	1.8996	3217.7	3597.6	8.6529	1.7070	2.1718	694.84	4.1478	3.0651e-05	0.073551	vapor
561.00	0.20000	0.52009	1.9227	3234.8	3619.3	8.6791	1.7139	2.1786	698.76	4.0074	3.1055e-05	0.074846	vapor
571.00	0.20000	0.51391	1.9459	3252.0	3641.1	8.7051	1.7208	2.1854	702.65	3.8735	3.1458e-05	0.076148	vapor
581.00	0.20000	0.50786	1.9690	3269.2	3663.0	8.7309	1.7277	2.1922	706.51	3.7457	3.1859e-05	0.077455	vapor
591.00	0.20000	0.50196	1.9922	3286.5	3685.0	8.7564	1.7347	2.1990	710.35	3.6235	3.2260e-05	0.078769	vapor
601.00	0.20000	0.49620	2.0153	3303.9	3707.0	8.7818	1.7416	2.2059	714.16	3.5067	3.2660e-05	0.080088	vapor
611.00	0.20000	0.49056	2.0385	3321.4	3729.1	8.8069	1.7486	2.2127	717.95	3.3949	3.3059e-05	0.081413	vapor
621.00	0.20000	0.48506	2.0616	3338.9	3751.3	8.8318	1.7556	2.2196	721.71	3.2878	3.3457e-05	0.082743	vapor
631.00	0.20000	0.47968	2.0847	3356.5	3773.5	8.8565	1.7626	2.2266	725.44	3.1852	3.3853e-05	0.084079	vapor
641.00	0.20000	0.47441	2.1079	3374.2	3795.8	8.8811	1.7697	2.2335	729.16	3.0869	3.4249e-05	0.085420	vapor
651.00	0.20000	0.46926	2.1310	3392.0	3818.2	8.9054	1.7767	2.2405	732.84	2.9926	3.4643e-05	0.086767	vapor
661.00	0.20000	0.46422	2.1541	3409.8	3840.6	8.9296	1.7838	2.2474	736.51	2.9021	3.5036e-05	0.088118	vapor
671.00	0.20000	0.45929	2.1773	3427.7	3863.1	8.9535	1.7908	2.2544	740.15	2.8152	3.5428e-05	0.089475	vapor
681.00	0.20000	0.45446	2.2004	3445.6	3885.7	8.9773	1.7979	2.2614	743.77	2.7317	3.5819e-05	0.090836	vapor
691.00	0.20000	0.44974	2.2235	3463.6	3908.3	9.0009	1.8049	2.2684	747.37	2.6515	3.6209e-05	0.092202	vapor
701.00	0.20000	0.44511	2.2466	3481.7	3931.1	9.0244	1.8120	2.2754	750.94	2.5743	3.6597e-05	0.093573	vapor
711.00	0.20000	0.44057	2.2698	3499.9	3953.8	9.0477	1.8191	2.2824	754.50	2.5000	3.6985e-05	0.094949	vapor
721.00	0.20000	0.43613	2.2929	3518.1	3976.7	9.0708	1.8261	2.2894	758.03	2.4286	3.7371e-05	0.096329	vapor
731.00	0.20000	0.43178	2.3160	3536.4	3999.6	9.0937	1.8332	2.2964	761.55	2.3597	3.7756e-05	0.097714	vapor
741.00	0.20000	0.42751	2.3391	3554.8	4022.6	9.1165	1.8402	2.3034	765.04	2.2934	3.8140e-05	0.099103	vapor
751.00	0.20000	0.42333	2.3622	3573.3	4045.7	9.1391	1.8473	2.3104	768.52	2.2295	3.8523e-05	0.10050	vapor
761.00	0.20000	0.41922	2.3854	3591.8	4068.8	9.1616	1.8543	2.3174	771.98	2.1678	3.8904e-05	0.10189	vapor
771.00	0.20000	0.41520	2.4085	3610.4	4092.1	9.1840	1.8613	2.3244	775.41	2.1083	3.9284e-05	0.10329	vapor
781.00	0.20000	0.41125	2.4316	3629.0	4115.3	9.2061	1.8684	2.3313	778.83	2.0509	3.9664e-05	0.10470	vapor
791.00	0.20000	0.40738	2.4547	3647.7	4138.7	9.2282	1.8754	2.3383	782.24	1.9955	4.0041e-05	0.10611	vapor
801.00	0.20000	0.40358	2.4778	3666.5	4162.1	9.2501	1.8824	2.3452	785.62	1.9420	4.0418e-05	0.10752	vapor
811.00	0.20000	0.39985	2.5009	3685.4	4185.6	9.2719	1.8893	2.3522	788.99	1.8903	4.0794e-05	0.10894	vapor
821.00	0.20000	0.39619	2.5240	3704.3	4209.1	9.2935	1.8963	2.3591	792.34	1.8403	4.1168e-05	0.11036	vapor
831.00	0.20000	0.39260	2.5471	3723.3	4232.8	9.3150	1.9032	2.3660	795.67	1.7920	4.1541e-05	0.11179	vapor
841.00	0.20000	0.38907	2.5702	3742.4	4256.5	9.3363	1.9101	2.3729	798.99	1.7453	4.1913e-05	0.11321	vapor
851.00	0.20000	0.38560	2.5933	3761.6	4280.2	9.3576	1.9170	2.3797	802.29	1.7001	4.2284e-05	0.11465	vapor
861.00	0.20000	0.38220	2.6164	3780.8	4304.1	9.3787	1.9239	2.3866	805.58	1.6563	4.2654e-05	0.11608	vapor
871.00	0.20000	0.37885	2.6396	3800.0	4328.0	9.3997	1.9308	2.3934	808.85	1.6139	4.3022e-05	0.11752	vapor
881.00	0.20000	0.37556	2.6627	3819.4	4351.9	9.4205	1.9376	2.4002	812.10	1.5729	4.3389e-05	0.11896	vapor
891.00	0.20000	0.37233	2.6858	3838.8	4376.0	9.4413	1.9444	2.4069	815.35	1.5331	4.3755e-05	0.12041	vapor
901.00	0.20000	0.36916	2.7089	3858.3	4400.1	9.4619	1.9511	2.4137	818.57	1.4946	4.4120e-05	0.12186	vapor
911.00	0.20000	0.36604	2.7320	3877.8	4424.2	9.4824	1.9579	2.4204	821.78	1.4573	4.4484e-05	0.12331	vapor
921.00	0.20000	0.36297	2.7551	3897.5	4448.5	9.5027	1.9646	2.4271	824.98	1.4210	4.4846e-05	0.12476	vapor
931.00	0.20000	0.35995	2.7782	3917.1	4472.8	9.5230	1.9713	2.4338	828.16	1.3859	4.5207e-05	0.12622	vapor
941.00	0.20000	0.35698	2.8013	3936.9	4497.1	9.5432	1.9779	2.4404	831.33	1.3518	4.5568e-05	0.12768	vapor
951.00	0.20000	0.35406	2.8244	3956.7	4521.6	9.5632	1.9846	2.4470	834.49	1.3188	4.5927e-05	0.12914	vapor
961.00	0.20000	0.35119	2.8475	3976.6	4546.1	9.5832	1.9912	2.4536	837.63	1.2867	4.6284e-05	0.13061	vapor
971.00	0.20000	0.34836	2.8706	3996.5	4570.7	9.6030	1.9977	2.4601	840.76	1.2555	4.6641e-05	0.13208	vapor
981.00	0.20000	0.34558	2.8937	4016.6	4595.3	9.6227	2.0042	2.4666	843.88	1.2252	4.6997e-05	0.13355	vapor
991.00	0.20000	0.34285	2.9168	4036.6	4620.0	9.6423	2.0107	2.4731	846.99	1.1958	4.7351e-05	0.13503	vapor
1001.0	0.20000	0.34015	2.9398	4056.8	4644.7	9.6618	2.0172	2.4795	850.08	1.1672	4.7704e-05	0.13650	vapor
