Temperature (C)	Pressure (MPa)	Density (kg/m3)	Volume (m3/kg)	Internal Energy (kJ/kg)	Enthalpy (kJ/kg)	Entropy (J/g*K)	Cv (J/g*K)	Cp (J/g*K)	Sound Spd. (m/s)	Joule-Thomson (K/MPa)	Viscosity (Pa*s)	Therm. Cond. (W/m*K)	Phase
-30.000	0.20000	2.7764	0.36018	179.61	251.65	6.4200	0.74323	1.0446	317.90	3.2476	1.5186e-05	0.021941	vapor
-20.000	0.20000	2.6657	0.37513	187.07	262.09	6.4621	0.74319	1.0441	324.42	3.0027	1.5683e-05	0.022660	vapor
-10.000	0.20000	2.5637	0.39007	194.52	272.53	6.5025	0.74318	1.0437	330.81	2.7803	1.6172e-05	0.023367	vapor
0.0000	0.20000	2.4692	0.40500	201.97	282.97	6.5414	0.74320	1.0434	337.07	2.5776	1.6654e-05	0.024064	vapor
10.000	0.20000	2.3814	0.41992	209.42	293.40	6.5789	0.74325	1.0432	343.22	2.3919	1.7128e-05	0.024752	vapor
20.000	0.20000	2.2997	0.43483	216.86	303.83	6.6151	0.74333	1.0430	349.25	2.2214	1.7596e-05	0.025430	vapor
30.000	0.20000	2.2235	0.44974	224.31	314.26	6.6501	0.74346	1.0429	355.17	2.0641	1.8057e-05	0.026099	vapor
40.000	0.20000	2.1522	0.46465	231.76	324.69	6.6840	0.74363	1.0429	360.98	1.9187	1.8512e-05	0.026760	vapor
50.000	0.20000	2.0853	0.47955	239.21	335.12	6.7168	0.74384	1.0429	366.70	1.7839	1.8961e-05	0.027414	vapor
60.000	0.20000	2.0225	0.49444	246.66	345.55	6.7486	0.74411	1.0430	372.33	1.6585	1.9404e-05	0.028060	vapor
70.000	0.20000	1.9633	0.50933	254.11	355.98	6.7794	0.74444	1.0432	377.86	1.5417	1.9841e-05	0.028700	vapor
80.000	0.20000	1.9076	0.52422	261.57	366.41	6.8094	0.74483	1.0435	383.31	1.4326	2.0273e-05	0.029333	vapor
90.000	0.20000	1.8549	0.53911	269.03	376.85	6.8385	0.74528	1.0438	388.67	1.3304	2.0699e-05	0.029960	vapor
100.00	0.20000	1.8051	0.55399	276.49	387.29	6.8669	0.74581	1.0442	393.95	1.2346	2.1121e-05	0.030582	vapor
110.00	0.20000	1.7579	0.56887	283.96	397.74	6.8945	0.74641	1.0447	399.15	1.1446	2.1537e-05	0.031199	vapor
120.00	0.20000	1.7131	0.58375	291.44	408.19	6.9214	0.74708	1.0453	404.28	1.0598	2.1949e-05	0.031812	vapor
130.00	0.20000	1.6705	0.59862	298.92	418.64	6.9477	0.74783	1.0460	409.33	0.97996	2.2356e-05	0.032421	vapor
140.00	0.20000	1.6300	0.61349	306.41	429.11	6.9733	0.74866	1.0467	414.31	0.90457	2.2759e-05	0.033025	vapor
150.00	0.20000	1.5914	0.62836	313.90	439.58	6.9984	0.74957	1.0476	419.23	0.83330	2.3157e-05	0.033627	vapor
160.00	0.20000	1.5546	0.64323	321.41	450.06	7.0228	0.75057	1.0485	424.07	0.76585	2.3551e-05	0.034225	vapor
170.00	0.20000	1.5195	0.65810	328.93	460.55	7.0468	0.75165	1.0495	428.85	0.70195	2.3941e-05	0.034820	vapor
180.00	0.20000	1.4860	0.67297	336.46	471.05	7.0702	0.75280	1.0506	433.57	0.64132	2.4327e-05	0.035413	vapor
190.00	0.20000	1.4538	0.68783	343.99	481.56	7.0932	0.75404	1.0518	438.22	0.58376	2.4710e-05	0.036003	vapor
200.00	0.20000	1.4231	0.70270	351.55	492.09	7.1156	0.75537	1.0531	442.81	0.52906	2.5088e-05	0.036592	vapor
210.00	0.20000	1.3936	0.71756	359.11	502.62	7.1377	0.75676	1.0544	447.35	0.47702	2.5463e-05	0.037178	vapor
220.00	0.20000	1.3653	0.73242	366.69	513.17	7.1593	0.75824	1.0559	451.83	0.42748	2.5835e-05	0.037763	vapor
230.00	0.20000	1.3382	0.74728	374.28	523.74	7.1805	0.75979	1.0574	456.25	0.38028	2.6203e-05	0.038346	vapor
240.00	0.20000	1.3121	0.76214	381.89	534.32	7.2013	0.76142	1.0590	460.62	0.33528	2.6568e-05	0.038927	vapor
250.00	0.20000	1.2870	0.77700	389.52	544.92	7.2218	0.76311	1.0606	464.94	0.29234	2.6929e-05	0.039508	vapor
260.00	0.20000	1.2629	0.79186	397.16	555.54	7.2419	0.76487	1.0624	469.20	0.25135	2.7288e-05	0.040087	vapor
270.00	0.20000	1.2396	0.80672	404.83	566.17	7.2617	0.76670	1.0642	473.42	0.21219	2.7643e-05	0.040665	vapor
280.00	0.20000	1.2172	0.82157	412.51	576.82	7.2811	0.76858	1.0660	477.59	0.17476	2.7996e-05	0.041242	vapor
290.00	0.20000	1.1956	0.83643	420.20	587.49	7.3002	0.77053	1.0679	481.72	0.13896	2.8345e-05	0.041818	vapor
300.00	0.20000	1.1747	0.85128	427.92	598.18	7.3190	0.77252	1.0699	485.79	0.10471	2.8692e-05	0.042393	vapor
310.00	0.20000	1.1546	0.86614	435.66	608.89	7.3375	0.77457	1.0719	489.83	0.071920	2.9036e-05	0.042968	vapor
320.00	0.20000	1.1351	0.88099	443.42	619.62	7.3558	0.77667	1.0740	493.82	0.040512	2.9378e-05	0.043541	vapor
330.00	0.20000	1.1163	0.89584	451.20	630.37	7.3738	0.77881	1.0761	497.77	0.010416	2.9716e-05	0.044114	vapor
340.00	0.20000	1.0981	0.91070	459.00	641.14	7.3915	0.78099	1.0783	501.68	-0.018437	3.0053e-05	0.044686	vapor
350.00	0.20000	1.0804	0.92555	466.82	651.93	7.4089	0.78321	1.0805	505.56	-0.046110	3.0386e-05	0.045257	vapor
360.00	0.20000	1.0634	0.94040	474.67	662.75	7.4261	0.78546	1.0827	509.39	-0.072662	3.0718e-05	0.045827	vapor
370.00	0.20000	1.0468	0.95525	482.54	673.59	7.4431	0.78774	1.0850	513.19	-0.098149	3.1047e-05	0.046397	vapor
380.00	0.20000	1.0308	0.97010	490.43	684.45	7.4599	0.79005	1.0873	516.95	-0.12262	3.1373e-05	0.046966	vapor
390.00	0.20000	1.0153	0.98495	498.34	695.33	7.4764	0.79238	1.0896	520.68	-0.14613	3.1698e-05	0.047534	vapor
400.00	0.20000	1.0002	0.99980	506.28	706.24	7.4928	0.79474	1.0919	524.37	-0.16873	3.2020e-05	0.048101	vapor
410.00	0.20000	0.98556	1.0147	514.24	717.17	7.5089	0.79711	1.0943	528.03	-0.19045	3.2340e-05	0.048667	vapor
420.00	0.20000	0.97134	1.0295	522.23	728.13	7.5248	0.79950	1.0967	531.66	-0.21134	3.2658e-05	0.049232	vapor
430.00	0.20000	0.95753	1.0444	530.24	739.11	7.5405	0.80190	1.0991	535.26	-0.23144	3.2974e-05	0.049796	vapor
440.00	0.20000	0.94411	1.0592	538.27	750.11	7.5561	0.80432	1.1015	538.83	-0.25078	3.3288e-05	0.050360	vapor
450.00	0.20000	0.93106	1.0740	546.32	761.13	7.5714	0.80674	1.1039	542.37	-0.26940	3.3600e-05	0.050922	vapor
460.00	0.20000	0.91836	1.0889	554.41	772.19	7.5866	0.80917	1.1063	545.88	-0.28733	3.3911e-05	0.051484	vapor
470.00	0.20000	0.90601	1.1037	562.51	783.26	7.6016	0.81160	1.1087	549.37	-0.30461	3.4219e-05	0.052044	vapor
480.00	0.20000	0.89398	1.1186	570.64	794.36	7.6164	0.81403	1.1111	552.82	-0.32126	3.4525e-05	0.052604	vapor
490.00	0.20000	0.88227	1.1334	578.79	805.48	7.6311	0.81646	1.1135	556.26	-0.33731	3.4830e-05	0.053162	vapor
500.00	0.20000	0.87086	1.1483	586.97	816.63	7.6456	0.81889	1.1160	559.66	-0.35279	3.5133e-05	0.053719	vapor
510.00	0.20000	0.85975	1.1631	595.18	827.80	7.6600	0.82132	1.1184	563.04	-0.36773	3.5434e-05	0.054275	vapor
520.00	0.20000	0.84891	1.1780	603.40	839.00	7.6742	0.82374	1.1208	566.40	-0.38214	3.5733e-05	0.054830	vapor
530.00	0.20000	0.83834	1.1928	611.65	850.22	7.6882	0.82615	1.1232	569.74	-0.39605	3.6031e-05	0.055384	vapor
540.00	0.20000	0.82804	1.2077	619.93	861.46	7.7021	0.82855	1.1256	573.05	-0.40948	3.6327e-05	0.055936	vapor
550.00	0.20000	0.81798	1.2225	628.23	872.73	7.7159	0.83095	1.1280	576.34	-0.42245	3.6622e-05	0.056487	vapor
560.00	0.20000	0.80817	1.2374	636.55	884.02	7.7296	0.83333	1.1304	579.60	-0.43499	3.6915e-05	0.057037	vapor
570.00	0.20000	0.79859	1.2522	644.89	895.34	7.7431	0.83570	1.1327	582.85	-0.44710	3.7207e-05	0.057585	vapor
580.00	0.20000	0.78923	1.2671	653.26	906.68	7.7564	0.83805	1.1351	586.07	-0.45882	3.7497e-05	0.058133	vapor
590.00	0.20000	0.78009	1.2819	661.66	918.04	7.7697	0.84039	1.1374	589.28	-0.47015	3.7785e-05	0.058678	vapor
600.00	0.20000	0.77116	1.2967	670.07	929.42	7.7828	0.84272	1.1397	592.47	-0.48110	3.8072e-05	0.059223	vapor
610.00	0.20000	0.76243	1.3116	678.51	940.83	7.7958	0.84503	1.1420	595.63	-0.49171	3.8358e-05	0.059766	vapor
620.00	0.20000	0.75390	1.3264	686.98	952.26	7.8086	0.84732	1.1443	598.78	-0.50197	3.8643e-05	0.060307	vapor
630.00	0.20000	0.74556	1.3413	695.46	963.72	7.8214	0.84959	1.1466	601.91	-0.51191	3.8926e-05	0.060847	vapor
640.00	0.20000	0.73740	1.3561	703.97	975.20	7.8340	0.85184	1.1488	605.02	-0.52154	3.9207e-05	0.061386	vapor
650.00	0.20000	0.72941	1.3710	712.50	986.69	7.8466	0.85408	1.1510	608.11	-0.53086	3.9488e-05	0.061923	vapor
660.00	0.20000	0.72160	1.3858	721.05	998.22	7.8590	0.85629	1.1533	611.19	-0.53990	3.9767e-05	0.062459	vapor
670.00	0.20000	0.71395	1.4007	729.63	1009.8	7.8713	0.85849	1.1554	614.25	-0.54865	4.0045e-05	0.062993	vapor
680.00	0.20000	0.70646	1.4155	738.22	1021.3	7.8835	0.86066	1.1576	617.29	-0.55715	4.0322e-05	0.063526	vapor
690.00	0.20000	0.69913	1.4303	746.84	1032.9	7.8956	0.86281	1.1598	620.32	-0.56538	4.0597e-05	0.064057	vapor
700.00	0.20000	0.69195	1.4452	755.48	1044.5	7.9076	0.86494	1.1619	623.33	-0.57337	4.0871e-05	0.064586	vapor
710.00	0.20000	0.68492	1.4600	764.14	1056.1	7.9194	0.86705	1.1640	626.33	-0.58112	4.1144e-05	0.065114	vapor
720.00	0.20000	0.67802	1.4749	772.82	1067.8	7.9312	0.86913	1.1661	629.31	-0.58865	4.1416e-05	0.065641	vapor
730.00	0.20000	0.67127	1.4897	781.53	1079.5	7.9429	0.87120	1.1681	632.27	-0.59595	4.1687e-05	0.066166	vapor
740.00	0.20000	0.66464	1.5046	790.25	1091.2	7.9545	0.87324	1.1702	635.22	-0.60305	4.1957e-05	0.066689	vapor
750.00	0.20000	0.65815	1.5194	798.99	1102.9	7.9660	0.87526	1.1722	638.16	-0.60994	4.2225e-05	0.067211	vapor
760.00	0.20000	0.65178	1.5343	807.76	1114.6	7.9774	0.87726	1.1742	641.08	-0.61663	4.2493e-05	0.067731	vapor
770.00	0.20000	0.64554	1.5491	816.54	1126.4	7.9888	0.87923	1.1762	643.99	-0.62314	4.2760e-05	0.068250	vapor
780.00	0.20000	0.63941	1.5639	825.34	1138.1	8.0000	0.88118	1.1781	646.89	-0.62947	4.3025e-05	0.068767	vapor
790.00	0.20000	0.63340	1.5788	834.16	1149.9	8.0111	0.88311	1.1800	649.77	-0.63562	4.3290e-05	0.069282	vapor
800.00	0.20000	0.62750	1.5936	843.01	1161.7	8.0222	0.88501	1.1819	652.64	-0.64160	4.3553e-05	0.069796	vapor
810.00	0.20000	0.62171	1.6085	851.87	1173.6	8.0332	0.88689	1.1838	655.49	-0.64741	4.3816e-05	0.070309	vapor
820.00	0.20000	0.61603	1.6233	860.74	1185.4	8.0440	0.88875	1.1857	658.33	-0.65307	4.4077e-05	0.070820	vapor
830.00	0.20000	0.61044	1.6382	869.64	1197.3	8.0549	0.89059	1.1875	661.16	-0.65858	4.4338e-05	0.071329	vapor
840.00	0.20000	0.60496	1.6530	878.56	1209.2	8.0656	0.89240	1.1893	663.98	-0.66394	4.4597e-05	0.071837	vapor
850.00	0.20000	0.59958	1.6678	887.49	1221.1	8.0762	0.89419	1.1911	666.79	-0.66916	4.4856e-05	0.072343	vapor
860.00	0.20000	0.59429	1.6827	896.44	1233.0	8.0868	0.89596	1.1929	669.58	-0.67425	4.5114e-05	0.072847	vapor
870.00	0.20000	0.58909	1.6975	905.41	1244.9	8.0973	0.89771	1.1946	672.36	-0.67920	4.5371e-05	0.073351	vapor
880.00	0.20000	0.58399	1.7124	914.40	1256.9	8.1077	0.89943	1.1963	675.13	-0.68402	4.5627e-05	0.073852	vapor
890.00	0.20000	0.57897	1.7272	923.40	1268.8	8.1180	0.90114	1.1980	677.89	-0.68872	4.5882e-05	0.074352	vapor
900.00	0.20000	0.57404	1.7420	932.42	1280.8	8.1283	0.90282	1.1997	680.64	-0.69331	4.6137e-05	0.074851	vapor
910.00	0.20000	0.56919	1.7569	941.46	1292.8	8.1385	0.90448	1.2014	683.37	-0.69777	4.6390e-05	0.075348	vapor
920.00	0.20000	0.56442	1.7717	950.51	1304.9	8.1486	0.90611	1.2030	686.10	-0.70213	4.6643e-05	0.075843	vapor
930.00	0.20000	0.55973	1.7866	959.58	1316.9	8.1586	0.90773	1.2046	688.81	-0.70637	4.6895e-05	0.076337	vapor
940.00	0.20000	0.55512	1.8014	968.67	1328.9	8.1686	0.90933	1.2062	691.52	-0.71051	4.7146e-05	0.076830	vapor
950.00	0.20000	0.55058	1.8163	977.77	1341.0	8.1785	0.91090	1.2078	694.21	-0.71455	4.7396e-05	0.077321	vapor
960.00	0.20000	0.54612	1.8311	986.88	1353.1	8.1884	0.91245	1.2093	696.89	-0.71850	4.7646e-05	0.077810	vapor
970.00	0.20000	0.54173	1.8459	996.02	1365.2	8.1981	0.91399	1.2109	699.57	-0.72234	4.7895e-05	0.078298	vapor
980.00	0.20000	0.53741	1.8608	1005.2	1377.3	8.2078	0.91550	1.2124	702.23	-0.72610	4.8143e-05	0.078785	vapor
990.00	0.20000	0.53316	1.8756	1014.3	1389.5	8.2175	0.91699	1.2139	704.88	-0.72976	4.8390e-05	0.079270	vapor
1000.0	0.20000	0.52897	1.8905	1023.5	1401.6	8.2271	0.91847	1.2153	707.52	-0.73334	4.8637e-05	0.079754	vapor
1010.0	0.20000	0.52485	1.9053	1032.7	1413.8	8.2366	0.91992	1.2168	710.16	-0.73684	4.8883e-05	0.080236	vapor
1020.0	0.20000	0.52079	1.9202	1041.9	1425.9	8.2460	0.92136	1.2182	712.78	-0.74025	4.9128e-05	0.080717	vapor
1030.0	0.20000	0.51680	1.9350	1051.1	1438.1	8.2554	0.92277	1.2196	715.39	-0.74359	4.9373e-05	0.081196	vapor
1040.0	0.20000	0.51286	1.9498	1060.4	1450.3	8.2648	0.92417	1.2210	718.00	-0.74685	4.9616e-05	0.081675	vapor
1050.0	0.20000	0.50899	1.9647	1069.6	1462.5	8.2740	0.92555	1.2224	720.59	-0.75003	4.9860e-05	0.082151	vapor
1060.0	0.20000	0.50517	1.9795	1078.9	1474.8	8.2832	0.92691	1.2238	723.18	-0.75314	5.0102e-05	0.082627	vapor
1070.0	0.20000	0.50141	1.9944	1088.1	1487.0	8.2924	0.92825	1.2251	725.76	-0.75619	5.0344e-05	0.083101	vapor
1080.0	0.20000	0.49771	2.0092	1097.4	1499.3	8.3015	0.92957	1.2264	728.32	-0.75916	5.0585e-05	0.083573	vapor
1090.0	0.20000	0.49406	2.0240	1106.7	1511.5	8.3105	0.93088	1.2277	730.88	-0.76207	5.0826e-05	0.084045	vapor
1100.0	0.20000	0.49046	2.0389	1116.1	1523.8	8.3195	0.93217	1.2290	733.43	-0.76491	5.1066e-05	0.084515	vapor
1110.0	0.20000	0.48692	2.0537	1125.4	1536.1	8.3284	0.93344	1.2303	735.98	-0.76769	5.1305e-05	0.084983	vapor
1120.0	0.20000	0.48343	2.0686	1134.7	1548.4	8.3373	0.93469	1.2315	738.51	-0.77041	5.1544e-05	0.085451	vapor
1130.0	0.20000	0.47998	2.0834	1144.1	1560.8	8.3461	0.93593	1.2328	741.03	-0.77308	5.1782e-05	0.085917	vapor
1140.0	0.20000	0.47659	2.0982	1153.4	1573.1	8.3548	0.93715	1.2340	743.55	-0.77568	5.2020e-05	0.086382	vapor
1150.0	0.20000	0.47324	2.1131	1162.8	1585.4	8.3636	0.93836	1.2352	746.06	-0.77823	5.2257e-05	0.086845	vapor
1160.0	0.20000	0.46994	2.1279	1172.2	1597.8	8.3722	0.93955	1.2364	748.56	-0.78072	5.2493e-05	0.087308	vapor
1170.0	0.20000	0.46669	2.1428	1181.6	1610.2	8.3808	0.94072	1.2376	751.05	-0.78316	5.2729e-05	0.087769	vapor
1180.0	0.20000	0.46347	2.1576	1191.0	1622.5	8.3894	0.94188	1.2387	753.53	-0.78555	5.2964e-05	0.088229	vapor
1190.0	0.20000	0.46031	2.1725	1200.4	1634.9	8.3979	0.94302	1.2399	756.01	-0.78789	5.3199e-05	0.088688	vapor
1200.0	0.20000	0.45719	2.1873	1209.9	1647.3	8.4063	0.94415	1.2410	758.48	-0.79019	5.3433e-05	0.089145	vapor
1210.0	0.20000	0.45410	2.2021	1219.3	1659.8	8.4147	0.94526	1.2421	760.94	-0.79243	5.3667e-05	0.089601	vapor
1220.0	0.20000	0.45106	2.2170	1228.8	1672.2	8.4231	0.94636	1.2432	763.39	-0.79463	5.3900e-05	0.090057	vapor
1230.0	0.20000	0.44806	2.2318	1238.3	1684.6	8.4314	0.94745	1.2443	765.84	-0.79678	5.4132e-05	0.090511	vapor
1240.0	0.20000	0.44511	2.2467	1247.7	1697.1	8.4396	0.94852	1.2454	768.27	-0.79889	5.4365e-05	0.090963	vapor
1250.0	0.20000	0.44218	2.2615	1257.2	1709.5	8.4478	0.94957	1.2464	770.70	-0.80095	5.4596e-05	0.091415	vapor
1260.0	0.20000	0.43930	2.2763	1266.7	1722.0	8.4560	0.95062	1.2475	773.12	-0.80298	5.4827e-05	0.091866	vapor
1270.0	0.20000	0.43646	2.2912	1276.2	1734.5	8.4641	0.95164	1.2485	775.54	-0.80496	5.5058e-05	0.092315	vapor
1280.0	0.20000	0.43365	2.3060	1285.8	1747.0	8.4722	0.95266	1.2495	777.95	-0.80690	5.5288e-05	0.092763	vapor
1290.0	0.20000	0.43087	2.3209	1295.3	1759.5	8.4802	0.95366	1.2505	780.35	-0.80881	5.5518e-05	0.093211	vapor
1300.0	0.20000	0.42814	2.3357	1304.8	1772.0	8.4882	0.95465	1.2515	782.74	-0.81068	5.5747e-05	0.093657	vapor
1310.0	0.20000	0.42543	2.3505	1314.4	1784.5	8.4961	0.95563	1.2525	785.13	-0.81251	5.5976e-05	0.094102	vapor
1320.0	0.20000	0.42276	2.3654	1324.0	1797.0	8.5040	0.95659	1.2534	787.51	-0.81430	5.6204e-05	0.094546	vapor
1330.0	0.20000	0.42013	2.3802	1333.5	1809.6	8.5118	0.95755	1.2544	789.88	-0.81606	5.6432e-05	0.094989	vapor
1340.0	0.20000	0.41752	2.3951	1343.1	1822.1	8.5196	0.95849	1.2553	792.24	-0.81778	5.6659e-05	0.095431	vapor
1350.0	0.20000	0.41495	2.4099	1352.7	1834.7	8.5274	0.95941	1.2562	794.60	-0.81948	5.6886e-05	0.095872	vapor
1360.0	0.20000	0.41241	2.4248	1362.3	1847.2	8.5351	0.96033	1.2572	796.95	-0.82113	5.7112e-05	0.096312	vapor
1370.0	0.20000	0.40990	2.4396	1371.9	1859.8	8.5428	0.96123	1.2581	799.30	-0.82276	5.7338e-05	0.096751	vapor
1380.0	0.20000	0.40743	2.4544	1381.5	1872.4	8.5504	0.96213	1.2590	801.64	-0.82436	5.7564e-05	0.097189	vapor
1390.0	0.20000	0.40498	2.4693	1391.1	1885.0	8.5580	0.96301	1.2598	803.97	-0.82592	5.7789e-05	0.097625	vapor
1400.0	0.20000	0.40256	2.4841	1400.8	1897.6	8.5656	0.96388	1.2607	806.30	-0.82746	5.8014e-05	0.098061	vapor
1410.0	0.20000	0.40017	2.4990	1410.4	1910.2	8.5731	0.96474	1.2616	808.61	-0.82896	5.8238e-05	0.098496	vapor
1420.0	0.20000	0.39780	2.5138	1420.1	1922.8	8.5806	0.96559	1.2624	810.93	-0.83044	5.8462e-05	0.098931	vapor
1430.0	0.20000	0.39547	2.5286	1429.7	1935.5	8.5880	0.96643	1.2633	813.23	-0.83189	5.8686e-05	0.099364	vapor
1440.0	0.20000	0.39316	2.5435	1439.4	1948.1	8.5954	0.96726	1.2641	815.53	-0.83332	5.8909e-05	0.099796	vapor
1450.0	0.20000	0.39088	2.5583	1449.1	1960.7	8.6028	0.96808	1.2649	817.83	-0.83471	5.9132e-05	0.10023	vapor
1460.0	0.20000	0.38863	2.5732	1458.8	1973.4	8.6101	0.96888	1.2657	820.11	-0.83608	5.9354e-05	0.10066	vapor
1470.0	0.20000	0.38640	2.5880	1468.5	1986.1	8.6174	0.96968	1.2665	822.39	-0.83743	5.9576e-05	0.10109	vapor
1480.0	0.20000	0.38420	2.6028	1478.2	1998.7	8.6246	0.97047	1.2673	824.67	-0.83875	5.9798e-05	0.10152	vapor
1490.0	0.20000	0.38202	2.6177	1487.9	2011.4	8.6318	0.97125	1.2681	826.94	-0.84005	6.0019e-05	0.10194	vapor
1500.0	0.20000	0.37986	2.6325	1497.6	2024.1	8.6390	0.97202	1.2688	829.20	-0.84132	6.0240e-05	0.10237	vapor
1510.0	0.20000	0.37773	2.6474	1507.3	2036.8	8.6461	0.97278	1.2696	831.46	-0.84257	6.0461e-05	0.10280	vapor
1520.0	0.20000	0.37563	2.6622	1517.0	2049.5	8.6532	0.97353	1.2704	833.71	-0.84379	6.0681e-05	0.10322	vapor
1530.0	0.20000	0.37355	2.6770	1526.8	2062.2	8.6603	0.97428	1.2711	835.95	-0.84500	6.0901e-05	0.10365	vapor
1540.0	0.20000	0.37149	2.6919	1536.5	2074.9	8.6673	0.97501	1.2718	838.19	-0.84618	6.1121e-05	0.10407	vapor
1550.0	0.20000	0.36945	2.7067	1546.3	2087.6	8.6743	0.97573	1.2726	840.43	-0.84734	6.1340e-05	0.10449	vapor
1560.0	0.20000	0.36744	2.7216	1556.0	2100.3	8.6813	0.97645	1.2733	842.65	-0.84848	6.1559e-05	0.10491	vapor
1570.0	0.20000	0.36544	2.7364	1565.8	2113.1	8.6882	0.97716	1.2740	844.88	-0.84960	6.1777e-05	0.10534	vapor
1580.0	0.20000	0.36347	2.7512	1575.6	2125.8	8.6951	0.97786	1.2747	847.09	-0.85070	6.1995e-05	0.10576	vapor
1590.0	0.20000	0.36152	2.7661	1585.4	2138.6	8.7020	0.97855	1.2754	849.30	-0.85178	6.2213e-05	0.10617	vapor
1600.0	0.20000	0.35959	2.7809	1595.2	2151.3	8.7088	0.97923	1.2760	851.51	-0.85284	6.2431e-05	0.10659	vapor
1610.0	0.20000	0.35768	2.7958	1604.9	2164.1	8.7156	0.97991	1.2767	853.71	-0.85388	6.2648e-05	0.10701	vapor
1620.0	0.20000	0.35580	2.8106	1614.7	2176.9	8.7224	0.98058	1.2774	855.90	-0.85490	6.2865e-05	0.10743	vapor
1630.0	0.20000	0.35393	2.8254	1624.6	2189.6	8.7291	0.98124	1.2781	858.09	-0.85590	6.3082e-05	0.10785	vapor
1640.0	0.20000	0.35208	2.8403	1634.4	2202.4	8.7358	0.98189	1.2787	860.27	-0.85689	6.3298e-05	0.10826	vapor
1650.0	0.20000	0.35025	2.8551	1644.2	2215.2	8.7425	0.98254	1.2793	862.45	-0.85786	6.3514e-05	0.10868	vapor
1660.0	0.20000	0.34844	2.8700	1654.0	2228.0	8.7491	0.98317	1.2800	864.62	-0.85881	6.3730e-05	0.10909	vapor
1670.0	0.20000	0.34664	2.8848	1663.9	2240.8	8.7557	0.98380	1.2806	866.79	-0.85975	6.3945e-05	0.10950	vapor
1680.0	0.20000	0.34487	2.8996	1673.7	2253.6	8.7623	0.98443	1.2812	868.95	-0.86067	6.4160e-05	0.10992	vapor
1690.0	0.20000	0.34311	2.9145	1683.5	2266.4	8.7688	0.98504	1.2819	871.11	-0.86157	6.4375e-05	0.11033	vapor
1700.0	0.20000	0.34138	2.9293	1693.4	2279.3	8.7753	0.98565	1.2825	873.26	-0.86245	6.4589e-05	0.11074	vapor
