Temperature (C)	Pressure (MPa)	Density (kg/m3)	Volume (m3/kg)	Internal Energy (kJ/kg)	Enthalpy (kJ/kg)	Entropy (J/g*K)	Cv (J/g*K)	Cp (J/g*K)	Sound Spd. (m/s)	Joule-Thomson (K/MPa)	Viscosity (Pa*s)	Therm. Cond. (W/m*K)	Phase
-30.000	0.30000	4.1683	0.23990	179.34	251.31	6.2985	0.74367	1.0473	317.93	3.2375	1.5206e-05	0.021978	vapor
-20.000	0.30000	4.0015	0.24991	186.81	261.78	6.3407	0.74358	1.0465	324.49	2.9931	1.5702e-05	0.022696	vapor
-10.000	0.30000	3.8477	0.25990	194.27	272.24	6.3812	0.74353	1.0459	330.90	2.7713	1.6190e-05	0.023403	vapor
0.0000	0.30000	3.7054	0.26988	201.73	282.70	6.4202	0.74351	1.0455	337.18	2.5690	1.6671e-05	0.024099	vapor
10.000	0.30000	3.5733	0.27985	209.19	293.15	6.4578	0.74353	1.0450	343.35	2.3838	1.7145e-05	0.024786	vapor
20.000	0.30000	3.4504	0.28982	216.65	303.60	6.4941	0.74359	1.0447	349.39	2.2137	1.7612e-05	0.025463	vapor
30.000	0.30000	3.3357	0.29978	224.11	314.05	6.5291	0.74370	1.0445	355.33	2.0569	1.8073e-05	0.026131	vapor
40.000	0.30000	3.2285	0.30974	231.57	324.49	6.5630	0.74385	1.0444	361.16	1.9119	1.8527e-05	0.026791	vapor
50.000	0.30000	3.1280	0.31969	239.02	334.93	6.5958	0.74405	1.0443	366.89	1.7775	1.8975e-05	0.027444	vapor
60.000	0.30000	3.0336	0.32964	246.48	345.38	6.6277	0.74431	1.0443	372.52	1.6524	1.9418e-05	0.028089	vapor
70.000	0.30000	2.9447	0.33959	253.94	355.82	6.6586	0.74462	1.0444	378.07	1.5359	1.9855e-05	0.028728	vapor
80.000	0.30000	2.8610	0.34953	261.41	366.26	6.6886	0.74500	1.0446	383.52	1.4271	2.0286e-05	0.029361	vapor
90.000	0.30000	2.7819	0.35947	268.87	376.71	6.7177	0.74544	1.0449	388.89	1.3252	2.0712e-05	0.029987	vapor
100.00	0.30000	2.7071	0.36940	276.34	387.16	6.7461	0.74596	1.0452	394.18	1.2297	2.1133e-05	0.030609	vapor
110.00	0.30000	2.6362	0.37934	283.82	397.62	6.7738	0.74655	1.0456	399.38	1.1399	2.1549e-05	0.031225	vapor
120.00	0.30000	2.5689	0.38927	291.30	408.08	6.8007	0.74721	1.0462	404.52	1.0554	2.1961e-05	0.031837	vapor
130.00	0.30000	2.5050	0.39919	298.78	418.54	6.8270	0.74796	1.0468	409.57	0.97576	2.2368e-05	0.032445	vapor
140.00	0.30000	2.4443	0.40912	306.28	429.01	6.8527	0.74878	1.0475	414.56	0.90058	2.2770e-05	0.033049	vapor
150.00	0.30000	2.3864	0.41905	313.78	439.49	6.8777	0.74969	1.0483	419.47	0.82950	2.3168e-05	0.033650	vapor
160.00	0.30000	2.3312	0.42897	321.29	449.98	6.9022	0.75068	1.0492	424.32	0.76224	2.3562e-05	0.034248	vapor
170.00	0.30000	2.2785	0.43889	328.81	460.47	6.9262	0.75175	1.0502	429.10	0.69850	2.3952e-05	0.034843	vapor
180.00	0.30000	2.2281	0.44881	336.34	470.98	6.9496	0.75291	1.0512	433.82	0.63804	2.4338e-05	0.035435	vapor
190.00	0.30000	2.1799	0.45873	343.88	481.50	6.9726	0.75414	1.0524	438.48	0.58064	2.4720e-05	0.036025	vapor
200.00	0.30000	2.1338	0.46864	351.44	492.03	6.9951	0.75546	1.0536	443.07	0.52608	2.5098e-05	0.036613	vapor
210.00	0.30000	2.0896	0.47856	359.01	502.57	7.0171	0.75685	1.0550	447.61	0.47417	2.5473e-05	0.037199	vapor
220.00	0.30000	2.0472	0.48847	366.59	513.13	7.0388	0.75833	1.0564	452.09	0.42476	2.5844e-05	0.037783	vapor
230.00	0.30000	2.0065	0.49839	374.18	523.70	7.0600	0.75988	1.0579	456.51	0.37768	2.6212e-05	0.038366	vapor
240.00	0.30000	1.9673	0.50830	381.80	534.29	7.0808	0.76150	1.0594	460.88	0.33279	2.6577e-05	0.038947	vapor
250.00	0.30000	1.9297	0.51821	389.43	544.89	7.1013	0.76319	1.0611	465.20	0.28996	2.6938e-05	0.039527	vapor
260.00	0.30000	1.8935	0.52812	397.07	555.51	7.1214	0.76495	1.0628	469.47	0.24907	2.7296e-05	0.040106	vapor
270.00	0.30000	1.8586	0.53803	404.74	566.15	7.1411	0.76677	1.0646	473.69	0.21001	2.7652e-05	0.040683	vapor
280.00	0.30000	1.8250	0.54794	412.42	576.80	7.1606	0.76865	1.0664	477.86	0.17267	2.8004e-05	0.041260	vapor
290.00	0.30000	1.7926	0.55785	420.12	587.47	7.1797	0.77060	1.0683	481.98	0.13696	2.8354e-05	0.041836	vapor
300.00	0.30000	1.7613	0.56776	427.84	598.17	7.1985	0.77259	1.0703	486.06	0.10279	2.8700e-05	0.042411	vapor
310.00	0.30000	1.7311	0.57767	435.58	608.88	7.2171	0.77464	1.0723	490.09	0.070079	2.9044e-05	0.042985	vapor
320.00	0.30000	1.7019	0.58758	443.34	619.61	7.2353	0.77673	1.0743	494.09	0.038745	2.9385e-05	0.043558	vapor
330.00	0.30000	1.6737	0.59748	451.12	630.37	7.2533	0.77887	1.0764	498.04	0.0087187	2.9724e-05	0.044131	vapor
340.00	0.30000	1.6464	0.60739	458.93	641.14	7.2710	0.78105	1.0786	501.95	-0.020067	3.0060e-05	0.044702	vapor
350.00	0.30000	1.6200	0.61729	466.75	651.94	7.2885	0.78326	1.0808	505.82	-0.047676	3.0394e-05	0.045273	vapor
360.00	0.30000	1.5944	0.62720	474.60	662.76	7.3057	0.78551	1.0830	509.65	-0.074167	3.0725e-05	0.045843	vapor
370.00	0.30000	1.5696	0.63710	482.47	673.60	7.3227	0.78779	1.0853	513.45	-0.099596	3.1054e-05	0.046412	vapor
380.00	0.30000	1.5456	0.64701	490.36	684.46	7.3394	0.79010	1.0875	517.21	-0.12402	3.1381e-05	0.046981	vapor
390.00	0.30000	1.5223	0.65691	498.28	695.35	7.3560	0.79244	1.0898	520.94	-0.14747	3.1705e-05	0.047549	vapor
400.00	0.30000	1.4997	0.66681	506.22	706.26	7.3723	0.79479	1.0922	524.63	-0.17002	3.2027e-05	0.048115	vapor
410.00	0.30000	1.4777	0.67672	514.18	717.19	7.3884	0.79716	1.0945	528.29	-0.19169	3.2347e-05	0.048681	vapor
420.00	0.30000	1.4564	0.68662	522.16	728.15	7.4044	0.79955	1.0969	531.92	-0.21254	3.2665e-05	0.049247	vapor
430.00	0.30000	1.4357	0.69652	530.17	739.13	7.4201	0.80195	1.0993	535.52	-0.23259	3.2981e-05	0.049811	vapor
440.00	0.30000	1.4156	0.70642	538.21	750.14	7.4356	0.80437	1.1017	539.09	-0.25189	3.3295e-05	0.050374	vapor
450.00	0.30000	1.3960	0.71633	546.27	761.16	7.4510	0.80679	1.1041	542.63	-0.27047	3.3607e-05	0.050936	vapor
460.00	0.30000	1.3770	0.72623	554.35	772.22	7.4662	0.80921	1.1065	546.14	-0.28837	3.3917e-05	0.051498	vapor
470.00	0.30000	1.3585	0.73613	562.46	783.29	7.4812	0.81164	1.1089	549.62	-0.30561	3.4225e-05	0.052058	vapor
480.00	0.30000	1.3404	0.74603	570.59	794.40	7.4960	0.81408	1.1113	553.08	-0.32222	3.4531e-05	0.052617	vapor
490.00	0.30000	1.3229	0.75593	578.74	805.52	7.5107	0.81651	1.1137	556.51	-0.33824	3.4836e-05	0.053175	vapor
500.00	0.30000	1.3058	0.76583	586.92	816.67	7.5252	0.81894	1.1161	559.92	-0.35369	3.5139e-05	0.053732	vapor
510.00	0.30000	1.2891	0.77573	595.12	827.84	7.5396	0.82136	1.1186	563.30	-0.36859	3.5440e-05	0.054288	vapor
520.00	0.30000	1.2729	0.78563	603.35	839.04	7.5538	0.82378	1.1210	566.65	-0.38297	3.5739e-05	0.054843	vapor
530.00	0.30000	1.2570	0.79553	611.60	850.26	7.5678	0.82619	1.1234	569.99	-0.39686	3.6037e-05	0.055396	vapor
540.00	0.30000	1.2416	0.80543	619.88	861.51	7.5817	0.82859	1.1258	573.30	-0.41026	3.6333e-05	0.055948	vapor
550.00	0.30000	1.2265	0.81533	628.18	872.78	7.5955	0.83099	1.1281	576.58	-0.42321	3.6628e-05	0.056499	vapor
560.00	0.30000	1.2118	0.82523	636.50	884.07	7.6092	0.83337	1.1305	579.85	-0.43572	3.6921e-05	0.057049	vapor
570.00	0.30000	1.1974	0.83513	644.85	895.39	7.6227	0.83574	1.1329	583.10	-0.44781	3.7212e-05	0.057597	vapor
580.00	0.30000	1.1834	0.84503	653.22	906.73	7.6360	0.83809	1.1352	586.32	-0.45950	3.7502e-05	0.058144	vapor
590.00	0.30000	1.1697	0.85492	661.61	918.09	7.6493	0.84043	1.1375	589.53	-0.47081	3.7791e-05	0.058690	vapor
600.00	0.30000	1.1563	0.86482	670.03	929.48	7.6624	0.84275	1.1399	592.71	-0.48175	3.8078e-05	0.059234	vapor
610.00	0.30000	1.1432	0.87472	678.47	940.89	7.6754	0.84506	1.1421	595.88	-0.49233	3.8364e-05	0.059777	vapor
620.00	0.30000	1.1304	0.88462	686.94	952.32	7.6882	0.84735	1.1444	599.02	-0.50257	3.8648e-05	0.060318	vapor
630.00	0.30000	1.1179	0.89452	695.42	963.78	7.7010	0.84962	1.1467	602.15	-0.51249	3.8931e-05	0.060858	vapor
640.00	0.30000	1.1057	0.90441	703.93	975.26	7.7136	0.85188	1.1489	605.26	-0.52210	3.9213e-05	0.061397	vapor
650.00	0.30000	1.0937	0.91431	712.46	986.76	7.7262	0.85411	1.1512	608.35	-0.53141	3.9493e-05	0.061934	vapor
660.00	0.30000	1.0820	0.92421	721.02	998.28	7.7386	0.85632	1.1534	611.43	-0.54042	3.9772e-05	0.062469	vapor
670.00	0.30000	1.0705	0.93411	729.59	1009.8	7.7509	0.85852	1.1556	614.49	-0.54917	4.0050e-05	0.063003	vapor
680.00	0.30000	1.0593	0.94400	738.19	1021.4	7.7631	0.86069	1.1577	617.53	-0.55764	4.0326e-05	0.063536	vapor
690.00	0.30000	1.0483	0.95390	746.81	1033.0	7.7752	0.86284	1.1599	620.56	-0.56586	4.0602e-05	0.064067	vapor
700.00	0.30000	1.0376	0.96380	755.45	1044.6	7.7872	0.86497	1.1620	623.57	-0.57384	4.0876e-05	0.064596	vapor
710.00	0.30000	1.0270	0.97370	764.11	1056.2	7.7991	0.86708	1.1641	626.56	-0.58158	4.1149e-05	0.065124	vapor
720.00	0.30000	1.0167	0.98359	772.79	1067.9	7.8109	0.86917	1.1662	629.54	-0.58909	4.1421e-05	0.065651	vapor
730.00	0.30000	1.0066	0.99349	781.49	1079.5	7.8226	0.87123	1.1682	632.51	-0.59638	4.1692e-05	0.066176	vapor
740.00	0.30000	0.99663	1.0034	790.22	1091.2	7.8341	0.87327	1.1703	635.46	-0.60346	4.1961e-05	0.066699	vapor
750.00	0.30000	0.98689	1.0133	798.96	1102.9	7.8457	0.87529	1.1723	638.39	-0.61034	4.2230e-05	0.067221	vapor
760.00	0.30000	0.97735	1.0232	807.73	1114.7	7.8571	0.87728	1.1743	641.31	-0.61702	4.2498e-05	0.067741	vapor
770.00	0.30000	0.96798	1.0331	816.51	1126.4	7.8684	0.87926	1.1762	644.22	-0.62352	4.2764e-05	0.068259	vapor
780.00	0.30000	0.95880	1.0430	825.31	1138.2	7.8796	0.88121	1.1782	647.11	-0.62983	4.3029e-05	0.068776	vapor
790.00	0.30000	0.94979	1.0529	834.13	1150.0	7.8908	0.88314	1.1801	650.00	-0.63597	4.3294e-05	0.069292	vapor
800.00	0.30000	0.94094	1.0628	842.98	1161.8	7.9018	0.88504	1.1820	652.86	-0.64194	4.3557e-05	0.069806	vapor
810.00	0.30000	0.93226	1.0727	851.84	1173.6	7.9128	0.88692	1.1839	655.72	-0.64775	4.3820e-05	0.070318	vapor
820.00	0.30000	0.92374	1.0826	860.72	1185.5	7.9237	0.88878	1.1857	658.56	-0.65340	4.4081e-05	0.070829	vapor
830.00	0.30000	0.91537	1.0925	869.61	1197.3	7.9345	0.89062	1.1876	661.39	-0.65890	4.4342e-05	0.071338	vapor
840.00	0.30000	0.90715	1.1023	878.53	1209.2	7.9452	0.89243	1.1894	664.20	-0.66425	4.4602e-05	0.071846	vapor
850.00	0.30000	0.89908	1.1122	887.46	1221.1	7.9559	0.89422	1.1912	667.01	-0.66946	4.4860e-05	0.072352	vapor
860.00	0.30000	0.89115	1.1221	896.42	1233.1	7.9664	0.89599	1.1929	669.80	-0.67454	4.5118e-05	0.072856	vapor
870.00	0.30000	0.88336	1.1320	905.38	1245.0	7.9769	0.89774	1.1947	672.58	-0.67948	4.5375e-05	0.073359	vapor
880.00	0.30000	0.87571	1.1419	914.37	1257.0	7.9873	0.89946	1.1964	675.35	-0.68430	4.5631e-05	0.073861	vapor
890.00	0.30000	0.86819	1.1518	923.38	1268.9	7.9977	0.90116	1.1981	678.11	-0.68899	4.5886e-05	0.074361	vapor
900.00	0.30000	0.86079	1.1617	932.40	1280.9	8.0079	0.90284	1.1998	680.86	-0.69357	4.6141e-05	0.074859	vapor
910.00	0.30000	0.85352	1.1716	941.43	1292.9	8.0181	0.90450	1.2014	683.59	-0.69802	4.6394e-05	0.075356	vapor
920.00	0.30000	0.84637	1.1815	950.49	1304.9	8.0282	0.90614	1.2031	686.32	-0.70237	4.6647e-05	0.075851	vapor
930.00	0.30000	0.83934	1.1914	959.56	1317.0	8.0383	0.90776	1.2047	689.03	-0.70661	4.6899e-05	0.076345	vapor
940.00	0.30000	0.83243	1.2013	968.64	1329.0	8.0483	0.90935	1.2063	691.73	-0.71075	4.7150e-05	0.076838	vapor
950.00	0.30000	0.82563	1.2112	977.75	1341.1	8.0582	0.91092	1.2078	694.42	-0.71478	4.7400e-05	0.077329	vapor
960.00	0.30000	0.81894	1.2211	986.86	1353.2	8.0680	0.91248	1.2094	697.11	-0.71871	4.7650e-05	0.077818	vapor
970.00	0.30000	0.81235	1.2310	996.00	1365.3	8.0778	0.91401	1.2109	699.78	-0.72256	4.7899e-05	0.078306	vapor
980.00	0.30000	0.80588	1.2409	1005.1	1377.4	8.0875	0.91552	1.2124	702.44	-0.72631	4.8147e-05	0.078793	vapor
990.00	0.30000	0.79950	1.2508	1014.3	1389.5	8.0971	0.91702	1.2139	705.09	-0.72997	4.8394e-05	0.079278	vapor
1000.0	0.30000	0.79323	1.2607	1023.5	1401.7	8.1067	0.91849	1.2154	707.73	-0.73354	4.8641e-05	0.079761	vapor
1010.0	0.30000	0.78705	1.2706	1032.7	1413.8	8.1162	0.91994	1.2168	710.37	-0.73703	4.8886e-05	0.080244	vapor
1020.0	0.30000	0.78097	1.2805	1041.9	1426.0	8.1257	0.92138	1.2183	712.99	-0.74044	4.9132e-05	0.080725	vapor
1030.0	0.30000	0.77498	1.2904	1051.1	1438.2	8.1351	0.92279	1.2197	715.60	-0.74377	4.9376e-05	0.081204	vapor
1040.0	0.30000	0.76908	1.3003	1060.3	1450.4	8.1444	0.92419	1.2211	718.21	-0.74702	4.9620e-05	0.081682	vapor
1050.0	0.30000	0.76327	1.3101	1069.6	1462.6	8.1537	0.92557	1.2225	720.80	-0.75020	4.9863e-05	0.082159	vapor
1060.0	0.30000	0.75755	1.3200	1078.9	1474.9	8.1629	0.92693	1.2238	723.39	-0.75331	5.0106e-05	0.082634	vapor
1070.0	0.30000	0.75191	1.3299	1088.1	1487.1	8.1720	0.92827	1.2252	725.96	-0.75635	5.0347e-05	0.083108	vapor
1080.0	0.30000	0.74636	1.3398	1097.4	1499.4	8.1811	0.92959	1.2265	728.53	-0.75932	5.0589e-05	0.083581	vapor
1090.0	0.30000	0.74089	1.3497	1106.7	1511.6	8.1902	0.93090	1.2278	731.09	-0.76222	5.0829e-05	0.084052	vapor
1100.0	0.30000	0.73550	1.3596	1116.0	1523.9	8.1991	0.93219	1.2291	733.64	-0.76506	5.1069e-05	0.084522	vapor
1110.0	0.30000	0.73018	1.3695	1125.4	1536.2	8.2081	0.93346	1.2303	736.18	-0.76784	5.1308e-05	0.084991	vapor
1120.0	0.30000	0.72495	1.3794	1134.7	1548.5	8.2169	0.93471	1.2316	738.71	-0.77055	5.1547e-05	0.085458	vapor
1130.0	0.30000	0.71978	1.3893	1144.1	1560.9	8.2257	0.93595	1.2328	741.24	-0.77321	5.1785e-05	0.085924	vapor
1140.0	0.30000	0.71469	1.3992	1153.4	1573.2	8.2345	0.93717	1.2340	743.75	-0.77581	5.2023e-05	0.086389	vapor
1150.0	0.30000	0.70967	1.4091	1162.8	1585.5	8.2432	0.93838	1.2352	746.26	-0.77836	5.2260e-05	0.086852	vapor
1160.0	0.30000	0.70473	1.4190	1172.2	1597.9	8.2519	0.93957	1.2364	748.76	-0.78085	5.2496e-05	0.087315	vapor
1170.0	0.30000	0.69985	1.4289	1181.6	1610.3	8.2605	0.94074	1.2376	751.25	-0.78329	5.2732e-05	0.087776	vapor
1180.0	0.30000	0.69503	1.4388	1191.0	1622.6	8.2690	0.94190	1.2388	753.73	-0.78567	5.2967e-05	0.088236	vapor
1190.0	0.30000	0.69029	1.4487	1200.4	1635.0	8.2775	0.94304	1.2399	756.21	-0.78801	5.3202e-05	0.088694	vapor
1200.0	0.30000	0.68560	1.4586	1209.9	1647.4	8.2860	0.94417	1.2410	758.67	-0.79030	5.3436e-05	0.089152	vapor
1210.0	0.30000	0.68098	1.4685	1219.3	1659.9	8.2944	0.94528	1.2421	761.13	-0.79254	5.3670e-05	0.089608	vapor
1220.0	0.30000	0.67643	1.4784	1228.8	1672.3	8.3027	0.94638	1.2432	763.59	-0.79473	5.3903e-05	0.090063	vapor
1230.0	0.30000	0.67193	1.4883	1238.2	1684.7	8.3110	0.94747	1.2443	766.03	-0.79688	5.4136e-05	0.090517	vapor
1240.0	0.30000	0.66749	1.4981	1247.7	1697.2	8.3193	0.94854	1.2454	768.47	-0.79899	5.4368e-05	0.090970	vapor
1250.0	0.30000	0.66311	1.5080	1257.2	1709.6	8.3275	0.94959	1.2464	770.90	-0.80105	5.4599e-05	0.091422	vapor
1260.0	0.30000	0.65879	1.5179	1266.7	1722.1	8.3356	0.95063	1.2475	773.32	-0.80307	5.4830e-05	0.091872	vapor
1270.0	0.30000	0.65452	1.5278	1276.2	1734.6	8.3437	0.95166	1.2485	775.73	-0.80505	5.5061e-05	0.092321	vapor
1280.0	0.30000	0.65031	1.5377	1285.8	1747.1	8.3518	0.95268	1.2495	778.14	-0.80699	5.5291e-05	0.092770	vapor
1290.0	0.30000	0.64615	1.5476	1295.3	1759.6	8.3598	0.95368	1.2505	780.54	-0.80889	5.5521e-05	0.093217	vapor
1300.0	0.30000	0.64205	1.5575	1304.8	1772.1	8.3678	0.95467	1.2515	782.93	-0.81076	5.5750e-05	0.093663	vapor
1310.0	0.30000	0.63800	1.5674	1314.4	1784.6	8.3757	0.95565	1.2525	785.32	-0.81259	5.5978e-05	0.094108	vapor
1320.0	0.30000	0.63400	1.5773	1323.9	1797.1	8.3836	0.95661	1.2535	787.70	-0.81438	5.6207e-05	0.094552	vapor
1330.0	0.30000	0.63004	1.5872	1333.5	1809.7	8.3915	0.95756	1.2544	790.07	-0.81614	5.6435e-05	0.094995	vapor
1340.0	0.30000	0.62614	1.5971	1343.1	1822.2	8.3993	0.95850	1.2553	792.43	-0.81786	5.6662e-05	0.095437	vapor
1350.0	0.30000	0.62228	1.6070	1352.7	1834.8	8.4070	0.95943	1.2563	794.79	-0.81955	5.6889e-05	0.095878	vapor
1360.0	0.30000	0.61848	1.6169	1362.3	1847.3	8.4148	0.96035	1.2572	797.14	-0.82120	5.7115e-05	0.096318	vapor
1370.0	0.30000	0.61472	1.6268	1371.9	1859.9	8.4224	0.96125	1.2581	799.49	-0.82283	5.7341e-05	0.096757	vapor
1380.0	0.30000	0.61100	1.6367	1381.5	1872.5	8.4301	0.96214	1.2590	801.82	-0.82442	5.7567e-05	0.097195	vapor
1390.0	0.30000	0.60733	1.6466	1391.1	1885.1	8.4377	0.96303	1.2599	804.16	-0.82599	5.7792e-05	0.097631	vapor
1400.0	0.30000	0.60370	1.6565	1400.8	1897.7	8.4452	0.96390	1.2607	806.48	-0.82752	5.8017e-05	0.098067	vapor
1410.0	0.30000	0.60012	1.6663	1410.4	1910.3	8.4527	0.96476	1.2616	808.80	-0.82902	5.8241e-05	0.098502	vapor
1420.0	0.30000	0.59657	1.6762	1420.1	1922.9	8.4602	0.96561	1.2624	811.11	-0.83050	5.8465e-05	0.098936	vapor
1430.0	0.30000	0.59307	1.6861	1429.7	1935.6	8.4677	0.96645	1.2633	813.42	-0.83195	5.8689e-05	0.099369	vapor
1440.0	0.30000	0.58961	1.6960	1439.4	1948.2	8.4751	0.96727	1.2641	815.71	-0.83337	5.8912e-05	0.099802	vapor
1450.0	0.30000	0.58619	1.7059	1449.1	1960.8	8.4824	0.96809	1.2649	818.01	-0.83477	5.9135e-05	0.10023	vapor
1460.0	0.30000	0.58281	1.7158	1458.8	1973.5	8.4897	0.96890	1.2657	820.29	-0.83613	5.9357e-05	0.10066	vapor
1470.0	0.30000	0.57947	1.7257	1468.4	1986.2	8.4970	0.96970	1.2665	822.57	-0.83748	5.9579e-05	0.10109	vapor
1480.0	0.30000	0.57617	1.7356	1478.1	1998.8	8.5043	0.97049	1.2673	824.85	-0.83880	5.9801e-05	0.10152	vapor
1490.0	0.30000	0.57290	1.7455	1487.9	2011.5	8.5115	0.97127	1.2681	827.12	-0.84009	6.0022e-05	0.10195	vapor
1500.0	0.30000	0.56967	1.7554	1497.6	2024.2	8.5186	0.97204	1.2689	829.38	-0.84136	6.0243e-05	0.10238	vapor
1510.0	0.30000	0.56648	1.7653	1507.3	2036.9	8.5258	0.97280	1.2696	831.64	-0.84261	6.0464e-05	0.10280	vapor
1520.0	0.30000	0.56332	1.7752	1517.0	2049.6	8.5329	0.97355	1.2704	833.89	-0.84383	6.0684e-05	0.10323	vapor
1530.0	0.30000	0.56020	1.7851	1526.8	2062.3	8.5400	0.97429	1.2711	836.13	-0.84504	6.0904e-05	0.10365	vapor
1540.0	0.30000	0.55711	1.7950	1536.5	2075.0	8.5470	0.97502	1.2718	838.37	-0.84622	6.1123e-05	0.10407	vapor
1550.0	0.30000	0.55406	1.8049	1546.3	2087.7	8.5540	0.97575	1.2726	840.60	-0.84738	6.1342e-05	0.10450	vapor
1560.0	0.30000	0.55104	1.8148	1556.0	2100.5	8.5609	0.97647	1.2733	842.83	-0.84851	6.1561e-05	0.10492	vapor
1570.0	0.30000	0.54805	1.8246	1565.8	2113.2	8.5679	0.97717	1.2740	845.05	-0.84963	6.1780e-05	0.10534	vapor
1580.0	0.30000	0.54510	1.8345	1575.6	2125.9	8.5748	0.97787	1.2747	847.27	-0.85073	6.1998e-05	0.10576	vapor
1590.0	0.30000	0.54217	1.8444	1585.4	2138.7	8.5816	0.97856	1.2754	849.48	-0.85181	6.2216e-05	0.10618	vapor
1600.0	0.30000	0.53928	1.8543	1595.1	2151.4	8.5885	0.97925	1.2761	851.68	-0.85287	6.2433e-05	0.10660	vapor
1610.0	0.30000	0.53642	1.8642	1604.9	2164.2	8.5953	0.97992	1.2767	853.88	-0.85391	6.2650e-05	0.10702	vapor
1620.0	0.30000	0.53359	1.8741	1614.7	2177.0	8.6020	0.98059	1.2774	856.07	-0.85493	6.2867e-05	0.10743	vapor
1630.0	0.30000	0.53078	1.8840	1624.6	2189.8	8.6088	0.98125	1.2781	858.26	-0.85593	6.3084e-05	0.10785	vapor
1640.0	0.30000	0.52801	1.8939	1634.4	2202.5	8.6155	0.98190	1.2787	860.44	-0.85692	6.3300e-05	0.10827	vapor
1650.0	0.30000	0.52527	1.9038	1644.2	2215.3	8.6221	0.98255	1.2794	862.62	-0.85788	6.3516e-05	0.10868	vapor
1660.0	0.30000	0.52255	1.9137	1654.0	2228.1	8.6288	0.98319	1.2800	864.79	-0.85884	6.3732e-05	0.10910	vapor
1670.0	0.30000	0.51986	1.9236	1663.9	2240.9	8.6354	0.98382	1.2806	866.96	-0.85977	6.3947e-05	0.10951	vapor
1680.0	0.30000	0.51720	1.9335	1673.7	2253.7	8.6419	0.98444	1.2813	869.12	-0.86069	6.4162e-05	0.10992	vapor
1690.0	0.30000	0.51457	1.9434	1683.5	2266.6	8.6485	0.98506	1.2819	871.28	-0.86159	6.4377e-05	0.11033	vapor
1700.0	0.30000	0.51196	1.9533	1693.4	2279.4	8.6550	0.98567	1.2825	873.43	-0.86247	6.4592e-05	0.11075	vapor
