Temperature (C)	Pressure (MPa)	Density (kg/m3)	Volume (m3/kg)	Internal Energy (kJ/kg)	Enthalpy (kJ/kg)	Entropy (J/g*K)	Cv (J/g*K)	Cp (J/g*K)	Sound Spd. (m/s)	Joule-Thomson (K/MPa)	Viscosity (Pa*s)	Therm. Cond. (W/m*K)	Phase
-30.000	0.10000	1.5852	0.63082	157.51	220.60	6.2237	0.65267	0.91467	297.10	3.9196	1.7305e-05	0.022030	vapor
-20.000	0.10000	1.5223	0.65691	164.05	229.74	6.2605	0.65336	0.91516	303.14	3.6463	1.7897e-05	0.022854	vapor
-10.000	0.10000	1.4642	0.68299	170.60	238.90	6.2960	0.65421	0.91583	309.04	3.3983	1.8480e-05	0.023672	vapor
0.0000	0.10000	1.4103	0.70905	177.16	248.06	6.3302	0.65522	0.91668	314.81	3.1722	1.9055e-05	0.024486	vapor
10.000	0.10000	1.3603	0.73512	183.72	257.23	6.3632	0.65638	0.91772	320.46	2.9651	1.9622e-05	0.025297	vapor
20.000	0.10000	1.3138	0.76117	190.30	266.42	6.3950	0.65772	0.91893	326.00	2.7747	2.0182e-05	0.026105	vapor
30.000	0.10000	1.2703	0.78722	196.89	275.61	6.4259	0.65922	0.92032	331.42	2.5992	2.0734e-05	0.026911	vapor
40.000	0.10000	1.2296	0.81327	203.50	284.82	6.4558	0.66088	0.92189	336.74	2.4369	2.1279e-05	0.027715	vapor
50.000	0.10000	1.1915	0.83931	210.12	294.05	6.4848	0.66269	0.92362	341.95	2.2863	2.1818e-05	0.028518	vapor
60.000	0.10000	1.1556	0.86534	216.76	303.30	6.5130	0.66466	0.92552	347.07	2.1463	2.2350e-05	0.029320	vapor
70.000	0.10000	1.1219	0.89137	223.42	312.56	6.5404	0.66678	0.92756	352.09	2.0159	2.2875e-05	0.030123	vapor
80.000	0.10000	1.0900	0.91740	230.11	321.85	6.5670	0.66904	0.92976	357.02	1.8942	2.3394e-05	0.030925	vapor
90.000	0.10000	1.0600	0.94343	236.81	331.16	6.5930	0.67142	0.93208	361.87	1.7804	2.3907e-05	0.031727	vapor
100.00	0.10000	1.0315	0.96945	243.55	340.49	6.6184	0.67392	0.93453	366.63	1.6738	2.4415e-05	0.032530	vapor
110.00	0.10000	1.0045	0.99547	250.30	349.85	6.6431	0.67654	0.93710	371.32	1.5738	2.4916e-05	0.033334	vapor
120.00	0.10000	0.97896	1.0215	257.08	359.23	6.6673	0.67925	0.93977	375.93	1.4798	2.5412e-05	0.034138	vapor
130.00	0.10000	0.95465	1.0475	263.89	368.64	6.6909	0.68205	0.94253	380.47	1.3915	2.5903e-05	0.034942	vapor
140.00	0.10000	0.93151	1.0735	270.73	378.08	6.7141	0.68493	0.94538	384.94	1.3083	2.6389e-05	0.035747	vapor
150.00	0.10000	0.90947	1.0995	277.60	387.55	6.7367	0.68788	0.94829	389.34	1.2299	2.6869e-05	0.036553	vapor
160.00	0.10000	0.88846	1.1255	284.50	397.05	6.7589	0.69090	0.95127	393.68	1.1559	2.7345e-05	0.037359	vapor
170.00	0.10000	0.86839	1.1516	291.42	406.58	6.7807	0.69396	0.95431	397.96	1.0860	2.7816e-05	0.038166	vapor
180.00	0.10000	0.84921	1.1776	298.38	416.14	6.8020	0.69706	0.95739	402.18	1.0199	2.8283e-05	0.038972	vapor
190.00	0.10000	0.83086	1.2036	305.37	425.73	6.8229	0.70020	0.96050	406.35	0.95742	2.8744e-05	0.039779	vapor
200.00	0.10000	0.81329	1.2296	312.39	435.35	6.8435	0.70336	0.96364	410.47	0.89820	2.9202e-05	0.040586	vapor
210.00	0.10000	0.79644	1.2556	319.44	445.00	6.8637	0.70655	0.96680	414.53	0.84206	2.9655e-05	0.041392	vapor
220.00	0.10000	0.78028	1.2816	326.52	454.68	6.8835	0.70974	0.96997	418.55	0.78880	3.0104e-05	0.042198	vapor
230.00	0.10000	0.76477	1.3076	333.64	464.40	6.9030	0.71294	0.97315	422.51	0.73823	3.0549e-05	0.043004	vapor
240.00	0.10000	0.74985	1.3336	340.79	474.15	6.9222	0.71613	0.97633	426.44	0.69018	3.0991e-05	0.043808	vapor
250.00	0.10000	0.73551	1.3596	347.97	483.92	6.9410	0.71932	0.97951	430.32	0.64449	3.1428e-05	0.044612	vapor
260.00	0.10000	0.72171	1.3856	355.18	493.74	6.9596	0.72250	0.98267	434.16	0.60102	3.1862e-05	0.045414	vapor
270.00	0.10000	0.70842	1.4116	362.42	503.58	6.9779	0.72567	0.98582	437.96	0.55962	3.2292e-05	0.046216	vapor
280.00	0.10000	0.69561	1.4376	369.69	513.45	6.9959	0.72881	0.98895	441.72	0.52017	3.2718e-05	0.047016	vapor
290.00	0.10000	0.68325	1.4636	377.00	523.36	7.0137	0.73193	0.99205	445.44	0.48255	3.3141e-05	0.047814	vapor
300.00	0.10000	0.67133	1.4896	384.33	533.29	7.0312	0.73502	0.99513	449.13	0.44665	3.3561e-05	0.048610	vapor
310.00	0.10000	0.65981	1.5156	391.70	543.26	7.0484	0.73808	0.99818	452.79	0.41237	3.3977e-05	0.049404	vapor
320.00	0.10000	0.64868	1.5416	399.10	553.26	7.0654	0.74111	1.0012	456.41	0.37962	3.4390e-05	0.050197	vapor
330.00	0.10000	0.63793	1.5676	406.53	563.28	7.0822	0.74411	1.0042	460.00	0.34831	3.4800e-05	0.050987	vapor
340.00	0.10000	0.62752	1.5936	413.98	573.34	7.0987	0.74707	1.0071	463.56	0.31836	3.5207e-05	0.051774	vapor
350.00	0.10000	0.61745	1.6196	421.47	583.43	7.1150	0.74999	1.0100	467.09	0.28969	3.5611e-05	0.052560	vapor
360.00	0.10000	0.60769	1.6456	428.98	593.54	7.1311	0.75287	1.0129	470.59	0.26222	3.6012e-05	0.053342	vapor
370.00	0.10000	0.59824	1.6716	436.53	603.68	7.1470	0.75571	1.0158	474.06	0.23590	3.6410e-05	0.054122	vapor
380.00	0.10000	0.58908	1.6976	444.10	613.86	7.1627	0.75850	1.0185	477.51	0.21066	3.6805e-05	0.054899	vapor
390.00	0.10000	0.58020	1.7235	451.70	624.06	7.1782	0.76126	1.0213	480.93	0.18644	3.7198e-05	0.055673	vapor
400.00	0.10000	0.57158	1.7495	459.33	634.28	7.1935	0.76397	1.0240	484.32	0.16319	3.7587e-05	0.056444	vapor
410.00	0.10000	0.56321	1.7755	466.98	644.53	7.2086	0.76663	1.0267	487.69	0.14086	3.7975e-05	0.057212	vapor
420.00	0.10000	0.55509	1.8015	474.66	654.81	7.2236	0.76926	1.0293	491.03	0.11940	3.8359e-05	0.057977	vapor
430.00	0.10000	0.54719	1.8275	482.37	665.12	7.2383	0.77183	1.0318	494.35	0.098759	3.8741e-05	0.058738	vapor
440.00	0.10000	0.53952	1.8535	490.10	675.45	7.2529	0.77437	1.0344	497.65	0.078902	3.9121e-05	0.059496	vapor
450.00	0.10000	0.53206	1.8795	497.86	685.81	7.2673	0.77686	1.0368	500.92	0.059789	3.9498e-05	0.060251	vapor
460.00	0.10000	0.52480	1.9055	505.64	696.19	7.2816	0.77930	1.0393	504.17	0.041381	3.9873e-05	0.061002	vapor
470.00	0.10000	0.51774	1.9315	513.44	706.59	7.2957	0.78170	1.0417	507.40	0.023645	4.0246e-05	0.061750	vapor
480.00	0.10000	0.51086	1.9575	521.27	717.02	7.3096	0.78406	1.0440	510.61	0.0065468	4.0616e-05	0.062494	vapor
490.00	0.10000	0.50417	1.9835	529.13	727.47	7.3234	0.78637	1.0463	513.80	-0.0099433	4.0984e-05	0.063235	vapor
500.00	0.10000	0.49765	2.0094	537.00	737.95	7.3371	0.78864	1.0486	516.97	-0.025855	4.1350e-05	0.063972	vapor
510.00	0.10000	0.49129	2.0354	544.90	748.45	7.3505	0.79087	1.0508	520.12	-0.041215	4.1714e-05	0.064705	vapor
520.00	0.10000	0.48510	2.0614	552.82	758.96	7.3639	0.79306	1.0530	523.25	-0.056049	4.2076e-05	0.065435	vapor
530.00	0.10000	0.47906	2.0874	560.76	769.51	7.3771	0.79520	1.0552	526.36	-0.070382	4.2435e-05	0.066161	vapor
540.00	0.10000	0.47317	2.1134	568.73	780.07	7.3902	0.79730	1.0573	529.46	-0.084236	4.2793e-05	0.066883	vapor
550.00	0.10000	0.46742	2.1394	576.71	790.65	7.4031	0.79937	1.0593	532.53	-0.097633	4.3149e-05	0.067602	vapor
560.00	0.10000	0.46181	2.1654	584.72	801.25	7.4159	0.80139	1.0613	535.59	-0.11059	4.3502e-05	0.068316	vapor
570.00	0.10000	0.45633	2.1914	592.74	811.88	7.4286	0.80337	1.0633	538.63	-0.12314	4.3854e-05	0.069027	vapor
580.00	0.10000	0.45099	2.2174	600.78	822.52	7.4411	0.80532	1.0653	541.65	-0.13528	4.4204e-05	0.069734	vapor
590.00	0.10000	0.44576	2.2434	608.85	833.18	7.4536	0.80723	1.0672	544.66	-0.14704	4.4552e-05	0.070438	vapor
600.00	0.10000	0.44066	2.2693	616.93	843.86	7.4659	0.80910	1.0690	547.65	-0.15844	4.4899e-05	0.071137	vapor
610.00	0.10000	0.43567	2.2953	625.03	854.56	7.4780	0.81093	1.0709	550.62	-0.16949	4.5243e-05	0.071833	vapor
620.00	0.10000	0.43079	2.3213	633.15	865.28	7.4901	0.81273	1.0727	553.58	-0.18020	4.5586e-05	0.072525	vapor
630.00	0.10000	0.42602	2.3473	641.29	876.02	7.5021	0.81450	1.0744	556.53	-0.19059	4.5927e-05	0.073213	vapor
640.00	0.10000	0.42136	2.3733	649.44	886.77	7.5139	0.81623	1.0762	559.45	-0.20068	4.6266e-05	0.073898	vapor
650.00	0.10000	0.41679	2.3993	657.61	897.54	7.5256	0.81792	1.0778	562.37	-0.21046	4.6604e-05	0.074579	vapor
660.00	0.10000	0.41233	2.4253	665.80	908.33	7.5373	0.81959	1.0795	565.26	-0.21997	4.6940e-05	0.075256	vapor
670.00	0.10000	0.40795	2.4513	674.00	919.13	7.5488	0.82122	1.0811	568.15	-0.22920	4.7275e-05	0.075929	vapor
680.00	0.10000	0.40367	2.4772	682.22	929.95	7.5602	0.82282	1.0827	571.02	-0.23816	4.7608e-05	0.076598	vapor
690.00	0.10000	0.39948	2.5032	690.46	940.78	7.5715	0.82439	1.0843	573.87	-0.24688	4.7939e-05	0.077264	vapor
700.00	0.10000	0.39538	2.5292	698.71	951.63	7.5827	0.82593	1.0858	576.71	-0.25536	4.8269e-05	0.077926	vapor
