% Turbine type:GT35VC316(76)T46AR049_TR-20-01522_TM.txt
% Initial data file name:TR-20-01522-0001.cdt|TR-20-01522-0002.cdt|TR-20-01522-0003.cdt|TR-20-01522-0004.cdt|TR-20-01522-0005.cdt|TR-20-01522-0006.cdt| MapType:Measured MeasurementType:Prototype Part Comments:
% Polar inertia: [kg.m2]: MinFlow [kg/h]: SpeedLimit [kRPM]:
% Comment: corrected turbine map of -->GT35VC316(76)T46AR049_TR-20-01522_TM.txt, 131103, 21-Apr-2021, TMaP Version used: 21.0.0.51
% P reference: 101325 Pa - T reference: 288 K
%---------------------------------------------------
% VNT   NT*          PRT          WT          ETATM
% ----   RPM         T-S          KG/S       ----
0.000 	 28129 	 1.8272 	 0.03618 	 0.3284
0.000 	 28129 	 1.9149 	 0.03695 	 0.3466
0.000 	 28129 	 1.9879 	 0.03760 	 0.3486
0.000 	 28129 	 2.0498 	 0.03804 	 0.3488
0.000 	 28129 	 2.1119 	 0.03842 	 0.3490
0.000 	 28129 	 2.1518 	 0.03862 	 0.3507
0.000 	 28129 	 2.1840 	 0.03895 	 0.3430
0.000 	 35862 	 2.3483 	 0.03910 	 0.3500
0.000 	 35862 	 2.4987 	 0.03968 	 0.3599
0.000 	 35862 	 2.6297 	 0.04011 	 0.3648
0.000 	 35862 	 2.7495 	 0.04042 	 0.3688
0.000 	 35862 	 2.8443 	 0.04065 	 0.3668
0.000 	 35862 	 2.9155 	 0.04083 	 0.3685
0.000 	 35862 	 2.9508 	 0.04098 	 0.3695
20.000 	 28117 	 1.2832 	 0.07006 	 0.5513
20.000 	 28117 	 1.3110 	 0.07278 	 0.5856
20.000 	 28117 	 1.3302 	 0.07431 	 0.5951
20.000 	 28117 	 1.3529 	 0.07660 	 0.5967
20.000 	 28117 	 1.3682 	 0.07787 	 0.5992
20.000 	 28117 	 1.3817 	 0.07892 	 0.6014
20.000 	 28117 	 1.3914 	 0.07942 	 0.5831
20.000 	 35894 	 1.4632 	 0.08122 	 0.5702
20.000 	 35894 	 1.5085 	 0.08395 	 0.5930
20.000 	 35894 	 1.5463 	 0.08602 	 0.6066
20.000 	 35894 	 1.5820 	 0.08756 	 0.6095
20.000 	 35894 	 1.6112 	 0.08882 	 0.6090
20.000 	 35894 	 1.6306 	 0.08963 	 0.6084
20.000 	 35894 	 1.6447 	 0.09008 	 0.6104
20.000 	 43566 	 1.7179 	 0.08944 	 0.5995
20.000 	 43566 	 1.7854 	 0.09163 	 0.6254
20.000 	 43566 	 1.8444 	 0.09323 	 0.6269
20.000 	 43566 	 1.8976 	 0.09466 	 0.6323
20.000 	 43566 	 1.9346 	 0.09561 	 0.6346
20.000 	 43566 	 1.9659 	 0.09631 	 0.6367
20.000 	 43566 	 1.9760 	 0.09682 	 0.6368
20.000 	 51328 	 2.0547 	 0.09544 	 0.6185
20.000 	 51328 	 2.1520 	 0.09697 	 0.6401
20.000 	 51328 	 2.2338 	 0.09844 	 0.6479
20.000 	 51328 	 2.3102 	 0.09949 	 0.6521
20.000 	 51328 	 2.3700 	 0.10003 	 0.6581
20.000 	 51328 	 2.3994 	 0.10056 	 0.6587
20.000 	 51328 	 2.4085 	 0.10103 	 0.6627
20.000 	 58991 	 2.5101 	 0.09840 	 0.6346
20.000 	 58991 	 2.6340 	 0.09969 	 0.6580
20.000 	 58991 	 2.7419 	 0.10044 	 0.6632
20.000 	 58991 	 2.8355 	 0.10113 	 0.6696
20.000 	 58991 	 2.9243 	 0.10148 	 0.6734
20.000 	 58991 	 2.9549 	 0.10155 	 0.6792
20.000 	 58991 	 2.9166 	 0.10194 	 0.6833
20.000 	 66738 	 3.1725 	 0.09889 	 0.6595
20.000 	 66738 	 3.3003 	 0.09929 	 0.6722
20.000 	 66738 	 3.4321 	 0.09946 	 0.6793
20.000 	 66738 	 3.5582 	 0.09992 	 0.6840
20.000 	 66738 	 3.6418 	 0.10004 	 0.6887
20.000 	 66738 	 3.6482 	 0.10006 	 0.6942
20.000 	 66738 	 3.6369 	 0.09999 	 0.6960
20.000 	 66738 	 3.4922 	 0.10094 	 0.6992
40.000 	 28138 	 1.1942 	 0.09632 	 0.6107
40.000 	 28138 	 1.2106 	 0.10033 	 0.6526
40.000 	 28138 	 1.2231 	 0.10320 	 0.6552
40.000 	 28138 	 1.2362 	 0.10582 	 0.6649
40.000 	 28138 	 1.2467 	 0.10798 	 0.6684
40.000 	 28138 	 1.2541 	 0.10947 	 0.6703
40.000 	 28138 	 1.2595 	 0.11036 	 0.6649
40.000 	 35873 	 1.3148 	 0.11430 	 0.6166
40.000 	 35873 	 1.3426 	 0.11861 	 0.6553
40.000 	 35873 	 1.3669 	 0.12180 	 0.6678
40.000 	 35873 	 1.3891 	 0.12450 	 0.6710
40.000 	 35873 	 1.4046 	 0.12628 	 0.6741
40.000 	 35873 	 1.4185 	 0.12784 	 0.6737
40.000 	 35873 	 1.4288 	 0.12905 	 0.6780
40.000 	 43575 	 1.4836 	 0.12940 	 0.6455
40.000 	 43575 	 1.5269 	 0.13339 	 0.6707
40.000 	 43575 	 1.5643 	 0.13607 	 0.6823
40.000 	 43575 	 1.5944 	 0.13851 	 0.6851
40.000 	 43575 	 1.6247 	 0.14055 	 0.6890
40.000 	 43575 	 1.6424 	 0.14148 	 0.6915
40.000 	 43575 	 1.6506 	 0.14233 	 0.6912
40.000 	 51266 	 1.7055 	 0.14026 	 0.6593
40.000 	 51266 	 1.7672 	 0.14355 	 0.6883
40.000 	 51266 	 1.8253 	 0.14603 	 0.6960
40.000 	 51266 	 1.8736 	 0.14799 	 0.7005
40.000 	 51266 	 1.9060 	 0.14932 	 0.7061
40.000 	 51266 	 1.9344 	 0.15012 	 0.7073
40.000 	 51266 	 1.9357 	 0.15061 	 0.7106
40.000 	 58954 	 2.0086 	 0.14744 	 0.6863
40.000 	 58954 	 2.0906 	 0.14968 	 0.7021
40.000 	 58954 	 2.1723 	 0.15156 	 0.7075
40.000 	 58954 	 2.2323 	 0.15279 	 0.7117
40.000 	 58954 	 2.2806 	 0.15359 	 0.7150
40.000 	 58954 	 2.3118 	 0.15405 	 0.7188
40.000 	 58954 	 2.2843 	 0.15445 	 0.7201
40.000 	 66732 	 2.4384 	 0.15110 	 0.7016
40.000 	 66732 	 2.5324 	 0.15247 	 0.7098
40.000 	 66732 	 2.6169 	 0.15323 	 0.7142
40.000 	 66732 	 2.7099 	 0.15392 	 0.7218
40.000 	 66732 	 2.7554 	 0.15454 	 0.7220
40.000 	 66732 	 2.7676 	 0.15465 	 0.7278
40.000 	 66732 	 2.7578 	 0.15463 	 0.7282
40.000 	 66732 	 2.6733 	 0.15500 	 0.7313
40.000 	 74392 	 3.0541 	 0.15126 	 0.7058
40.000 	 74392 	 3.1272 	 0.15159 	 0.7097
40.000 	 74392 	 3.2331 	 0.15193 	 0.7115
40.000 	 74392 	 3.3242 	 0.15205 	 0.7111
40.000 	 74392 	 3.3893 	 0.15223 	 0.7092
40.000 	 74392 	 3.3586 	 0.15208 	 0.7172
40.000 	 74392 	 3.3329 	 0.15208 	 0.7179
40.000 	 74392 	 3.1194 	 0.15300 	 0.7277
60.000 	 28143 	 1.1634 	 0.11740 	 0.6071
60.000 	 28143 	 1.1785 	 0.12239 	 0.6415
60.000 	 28143 	 1.1890 	 0.12590 	 0.6548
60.000 	 28143 	 1.2001 	 0.12948 	 0.6546
60.000 	 28143 	 1.2087 	 0.13189 	 0.6549
60.000 	 28143 	 1.2149 	 0.13377 	 0.6586
60.000 	 28143 	 1.2207 	 0.13516 	 0.6570
60.000 	 35863 	 1.2655 	 0.13934 	 0.6129
60.000 	 35863 	 1.2909 	 0.14473 	 0.6442
60.000 	 35863 	 1.3094 	 0.14853 	 0.6484
60.000 	 35863 	 1.3285 	 0.15243 	 0.6545
60.000 	 35863 	 1.3445 	 0.15513 	 0.6589
60.000 	 35863 	 1.3544 	 0.15696 	 0.6590
60.000 	 35863 	 1.3620 	 0.15821 	 0.6598
60.000 	 43590 	 1.4116 	 0.15905 	 0.6257
60.000 	 43590 	 1.4476 	 0.16406 	 0.6563
60.000 	 43590 	 1.4766 	 0.16792 	 0.6595
60.000 	 43590 	 1.5091 	 0.17133 	 0.6630
60.000 	 43590 	 1.5276 	 0.17346 	 0.6687
60.000 	 43590 	 1.5473 	 0.17533 	 0.6728
60.000 	 43590 	 1.5539 	 0.17611 	 0.6719
60.000 	 51244 	 1.6026 	 0.17398 	 0.6449
60.000 	 51244 	 1.6573 	 0.17838 	 0.6637
60.000 	 51244 	 1.7050 	 0.18171 	 0.6708
60.000 	 51244 	 1.7444 	 0.18426 	 0.6728
60.000 	 51244 	 1.7761 	 0.18600 	 0.6769
60.000 	 51244 	 1.7933 	 0.18703 	 0.6845
60.000 	 51244 	 1.7992 	 0.18779 	 0.6845
60.000 	 58993 	 1.8772 	 0.18422 	 0.6528
60.000 	 58993 	 1.9440 	 0.18708 	 0.6712
60.000 	 58993 	 2.0089 	 0.18940 	 0.6751
60.000 	 58993 	 2.0693 	 0.19122 	 0.6772
60.000 	 58993 	 2.1069 	 0.19211 	 0.6809
60.000 	 58993 	 2.1265 	 0.19256 	 0.6852
60.000 	 58993 	 2.1109 	 0.19277 	 0.6893
60.000 	 66625 	 2.2741 	 0.18799 	 0.6547
60.000 	 66625 	 2.3422 	 0.18907 	 0.6662
60.000 	 66625 	 2.4298 	 0.19005 	 0.6649
60.000 	 66625 	 2.5226 	 0.19058 	 0.6639
60.000 	 66625 	 2.5793 	 0.19092 	 0.6626
60.000 	 66625 	 2.5914 	 0.19095 	 0.6659
60.000 	 66625 	 2.5800 	 0.19093 	 0.6684
60.000 	 66625 	 2.5034 	 0.19100 	 0.6739
60.000 	 74333 	 2.9525 	 0.18427 	 0.6131
60.000 	 74333 	 3.0401 	 0.18433 	 0.6131
60.000 	 74333 	 3.1906 	 0.18446 	 0.6035
60.000 	 74333 	 3.2941 	 0.18436 	 0.5960
60.000 	 74333 	 3.3641 	 0.18462 	 0.5922
60.000 	 74333 	 3.3315 	 0.18450 	 0.5984
60.000 	 74333 	 3.2996 	 0.18454 	 0.6009
60.000 	 74333 	 3.0748 	 0.18510 	 0.6212
80.000 	 28142 	 1.1554 	 0.13532 	 0.5613
80.000 	 28142 	 1.1681 	 0.14104 	 0.5965
80.000 	 28142 	 1.1784 	 0.14562 	 0.6112
80.000 	 28142 	 1.1884 	 0.14922 	 0.6099
80.000 	 28142 	 1.1955 	 0.15220 	 0.6148
80.000 	 28142 	 1.2012 	 0.15409 	 0.6147
80.000 	 28142 	 1.2049 	 0.15564 	 0.6105
80.000 	 35862 	 1.2532 	 0.16108 	 0.5639
80.000 	 35862 	 1.2764 	 0.16780 	 0.5935
80.000 	 35862 	 1.2933 	 0.17255 	 0.6063
80.000 	 35862 	 1.3105 	 0.17627 	 0.6076
80.000 	 35862 	 1.3216 	 0.17942 	 0.6121
80.000 	 35862 	 1.3329 	 0.18151 	 0.6151
80.000 	 35862 	 1.3403 	 0.18356 	 0.6132
80.000 	 43583 	 1.3927 	 0.18281 	 0.5741
80.000 	 43583 	 1.4276 	 0.18912 	 0.5964
80.000 	 43583 	 1.4556 	 0.19349 	 0.6095
80.000 	 43583 	 1.4814 	 0.19738 	 0.6132
80.000 	 43583 	 1.5015 	 0.20024 	 0.6189
80.000 	 43583 	 1.5155 	 0.20173 	 0.6244
80.000 	 43583 	 1.5235 	 0.20327 	 0.6200
80.000 	 51233 	 1.5912 	 0.19993 	 0.5787
80.000 	 51233 	 1.6349 	 0.20434 	 0.5986
80.000 	 51233 	 1.6815 	 0.20819 	 0.6116
80.000 	 51233 	 1.7155 	 0.21104 	 0.6164
80.000 	 51233 	 1.7482 	 0.21304 	 0.6191
80.000 	 51233 	 1.7665 	 0.21427 	 0.6256
80.000 	 51233 	 1.7716 	 0.21478 	 0.6228
80.000 	 58976 	 1.8785 	 0.20867 	 0.5753
80.000 	 58976 	 1.9403 	 0.21153 	 0.5940
80.000 	 58976 	 2.0070 	 0.21371 	 0.5993
80.000 	 58976 	 2.0628 	 0.21530 	 0.6017
80.000 	 58976 	 2.1117 	 0.21620 	 0.6005
80.000 	 58976 	 2.1325 	 0.21651 	 0.6032
80.000 	 58976 	 2.1298 	 0.21669 	 0.6029
80.000 	 66639 	 2.3405 	 0.20856 	 0.5545
80.000 	 66639 	 2.4358 	 0.20898 	 0.5563
80.000 	 66639 	 2.5639 	 0.20921 	 0.5458
80.000 	 66639 	 2.6888 	 0.20946 	 0.5336
80.000 	 66639 	 2.7594 	 0.20949 	 0.5289
80.000 	 66639 	 2.7828 	 0.20929 	 0.5293
80.000 	 66639 	 2.7727 	 0.20928 	 0.5322
80.000 	 66639 	 2.6626 	 0.20965 	 0.5414
80.000 	 74328 	 3.3093 	 0.19865 	 0.4655
80.000 	 74328 	 3.4770 	 0.19880 	 0.4547
80.000 	 74328 	 3.6376 	 0.19874 	 0.4442
80.000 	 74328 	 3.7894 	 0.19879 	 0.4356
80.000 	 74328 	 3.8858 	 0.19904 	 0.4313
80.000 	 74328 	 3.8426 	 0.19882 	 0.4364
80.000 	 74328 	 3.8027 	 0.19881 	 0.4394
80.000 	 74328 	 3.5125 	 0.19869 	 0.4604
100.000 	 28144 	 1.1616 	 0.15424 	 0.4708
100.000 	 28144 	 1.1742 	 0.16040 	 0.5046
100.000 	 28144 	 1.1832 	 0.16505 	 0.5174
100.000 	 28144 	 1.1919 	 0.16911 	 0.5241
100.000 	 28144 	 1.1985 	 0.17197 	 0.5277
100.000 	 28144 	 1.2053 	 0.17480 	 0.5292
100.000 	 28144 	 1.2085 	 0.17647 	 0.5330
100.000 	 35860 	 1.2677 	 0.18213 	 0.4675
100.000 	 35860 	 1.2877 	 0.18878 	 0.5021
100.000 	 35860 	 1.3037 	 0.19373 	 0.5119
100.000 	 35860 	 1.3190 	 0.19773 	 0.5187
100.000 	 35860 	 1.3324 	 0.20123 	 0.5248
100.000 	 35860 	 1.3409 	 0.20310 	 0.5320
100.000 	 35860 	 1.3498 	 0.20554 	 0.5257
100.000 	 43541 	 1.4132 	 0.20385 	 0.4836
100.000 	 43541 	 1.4490 	 0.21031 	 0.5100
100.000 	 43541 	 1.4738 	 0.21470 	 0.5186
100.000 	 43541 	 1.5004 	 0.21874 	 0.5267
100.000 	 43541 	 1.5222 	 0.22147 	 0.5318
100.000 	 43541 	 1.5386 	 0.22341 	 0.5363
100.000 	 43541 	 1.5467 	 0.22416 	 0.5331
100.000 	 51288 	 1.6350 	 0.21975 	 0.4867
100.000 	 51288 	 1.6846 	 0.22402 	 0.5058
100.000 	 51288 	 1.7277 	 0.22724 	 0.5165
100.000 	 51288 	 1.7729 	 0.22967 	 0.5207
100.000 	 51288 	 1.8043 	 0.23111 	 0.5239
100.000 	 51288 	 1.8289 	 0.23202 	 0.5259
100.000 	 51288 	 1.8396 	 0.23220 	 0.5238
100.000 	 58964 	 1.9753 	 0.22330 	 0.4779
100.000 	 58964 	 2.0520 	 0.22519 	 0.4881
100.000 	 58964 	 2.1372 	 0.22637 	 0.4886
100.000 	 58964 	 2.2229 	 0.22705 	 0.4835
100.000 	 58964 	 2.2877 	 0.22723 	 0.4788
100.000 	 58964 	 2.3292 	 0.22732 	 0.4762
100.000 	 58964 	 2.3275 	 0.22733 	 0.4764
100.000 	 66612 	 2.6250 	 0.21611 	 0.4233
100.000 	 66612 	 2.7718 	 0.21604 	 0.4187
100.000 	 66612 	 2.9505 	 0.21597 	 0.4062
100.000 	 66612 	 3.1142 	 0.21628 	 0.3933
100.000 	 66612 	 3.2284 	 0.21629 	 0.3845
100.000 	 66612 	 3.2585 	 0.21636 	 0.3843
100.000 	 66612 	 3.2524 	 0.21616 	 0.3858
100.000 	 66612 	 3.1078 	 0.21602 	 0.3983
