Temperature (C)	Pressure (MPa)	Density (kg/m3)	Volume (m3/kg)	Internal Energy (kJ/kg)	Enthalpy (kJ/kg)	Entropy (J/g*K)	Cv (J/g*K)	Cp (J/g*K)	Sound Spd. (m/s)	Joule-Thomson (K/MPa)	Viscosity (Pa*s)	Therm. Cond. (W/m*K)	Phase
-30.000	0.20000	4.4415	0.22515	413.96	458.99	2.4361	0.60773	0.81472	243.22	18.786	1.2233e-05	0.012520	vapor
-20.000	0.20000	4.2552	0.23501	420.17	467.17	2.4690	0.61671	0.82121	247.98	16.824	1.2731e-05	0.013232	vapor
-10.000	0.20000	4.0848	0.24481	426.46	475.42	2.5010	0.62608	0.82857	252.60	15.157	1.3226e-05	0.013968	vapor
0.0000	0.20000	3.9282	0.25457	432.83	483.74	2.5320	0.63567	0.83652	257.09	13.729	1.3719e-05	0.014724	vapor
10.000	0.20000	3.7836	0.26430	439.29	492.15	2.5622	0.64537	0.84485	261.47	12.495	1.4210e-05	0.015498	vapor
20.000	0.20000	3.6498	0.27399	445.84	500.64	2.5917	0.65509	0.85342	265.76	11.422	1.4697e-05	0.016288	vapor
30.000	0.20000	3.5254	0.28365	452.49	509.22	2.6205	0.66478	0.86214	269.95	10.483	1.5182e-05	0.017090	vapor
40.000	0.20000	3.4095	0.29330	459.22	517.88	2.6486	0.67438	0.87091	274.06	9.6563	1.5663e-05	0.017904	vapor
50.000	0.20000	3.3012	0.30292	466.05	526.64	2.6761	0.68388	0.87969	278.09	8.9247	1.6141e-05	0.018726	vapor
60.000	0.20000	3.1997	0.31253	472.97	535.48	2.7031	0.69324	0.88843	282.05	8.2740	1.6616e-05	0.019554	vapor
70.000	0.20000	3.1043	0.32213	479.98	544.41	2.7295	0.70245	0.89711	285.95	7.6923	1.7088e-05	0.020389	vapor
80.000	0.20000	3.0147	0.33171	487.08	553.42	2.7554	0.71151	0.90569	289.78	7.1703	1.7556e-05	0.021227	vapor
90.000	0.20000	2.9301	0.34128	494.26	562.52	2.7808	0.72040	0.91416	293.55	6.6997	1.8020e-05	0.022068	vapor
100.00	0.20000	2.8503	0.35084	501.53	571.70	2.8057	0.72912	0.92252	297.27	6.2739	1.8481e-05	0.022910	vapor
110.00	0.20000	2.7747	0.36040	508.89	580.97	2.8302	0.73767	0.93074	300.93	5.8873	1.8939e-05	0.023754	vapor
120.00	0.20000	2.7031	0.36994	516.33	590.32	2.8543	0.74606	0.93883	304.54	5.5351	1.9393e-05	0.024598	vapor
130.00	0.20000	2.6352	0.37948	523.85	599.75	2.8780	0.75427	0.94678	308.11	5.2132	1.9843e-05	0.025441	vapor
140.00	0.20000	2.5706	0.38901	531.45	609.25	2.9013	0.76233	0.95459	311.63	4.9181	2.0290e-05	0.026284	vapor
150.00	0.20000	2.5092	0.39854	539.13	618.84	2.9242	0.77021	0.96227	315.10	4.6469	2.0733e-05	0.027125	vapor
160.00	0.20000	2.4506	0.40806	546.88	628.50	2.9468	0.77794	0.96980	318.54	4.3969	2.1173e-05	0.027965	vapor
170.00	0.20000	2.3948	0.41758	554.72	638.23	2.9690	0.78552	0.97720	321.93	4.1659	2.1609e-05	0.028802	vapor
180.00	0.20000	2.3414	0.42709	562.62	648.04	2.9909	0.79294	0.98446	325.29	3.9520	2.2042e-05	0.029638	vapor
190.00	0.20000	2.2904	0.43660	570.60	657.92	3.0124	0.80022	0.99159	328.60	3.7535	2.2471e-05	0.030471	vapor
200.00	0.20000	2.2416	0.44611	578.65	667.87	3.0337	0.80735	0.99858	331.89	3.5688	2.2896e-05	0.031301	vapor
210.00	0.20000	2.1949	0.45561	586.77	677.89	3.0546	0.81434	1.0055	335.13	3.3967	2.3318e-05	0.032129	vapor
220.00	0.20000	2.1500	0.46511	594.96	687.98	3.0753	0.82120	1.0122	338.34	3.2360	2.3737e-05	0.032954	vapor
230.00	0.20000	2.1070	0.47461	603.22	698.14	3.0957	0.82792	1.0188	341.53	3.0856	2.4152e-05	0.033776	vapor
240.00	0.20000	2.0657	0.48410	611.54	708.36	3.1158	0.83452	1.0253	344.67	2.9448	2.4564e-05	0.034595	vapor
250.00	0.20000	2.0260	0.49359	619.92	718.64	3.1357	0.84099	1.0317	347.79	2.8125	2.4972e-05	0.035410	vapor
260.00	0.20000	1.9878	0.50308	628.37	728.99	3.1553	0.84733	1.0379	350.88	2.6882	2.5377e-05	0.036223	vapor
270.00	0.20000	1.9510	0.51257	636.89	739.40	3.1746	0.85356	1.0441	353.94	2.5712	2.5779e-05	0.037033	vapor
280.00	0.20000	1.9155	0.52205	645.46	749.87	3.1937	0.85967	1.0501	356.97	2.4609	2.6178e-05	0.037840	vapor
290.00	0.20000	1.8813	0.53154	654.10	760.40	3.2126	0.86567	1.0561	359.98	2.3568	2.6573e-05	0.038643	vapor
300.00	0.20000	1.8484	0.54102	662.79	770.99	3.2312	0.87156	1.0619	362.96	2.2583	2.6965e-05	0.039443	vapor
310.00	0.20000	1.8165	0.55050	671.54	781.64	3.2496	0.87734	1.0676	365.91	2.1652	2.7354e-05	0.040240	vapor
320.00	0.20000	1.7858	0.55998	680.35	792.34	3.2678	0.88301	1.0732	368.84	2.0769	2.7740e-05	0.041034	vapor
330.00	0.20000	1.7561	0.56946	689.21	803.10	3.2858	0.88858	1.0787	371.74	1.9931	2.8123e-05	0.041825	vapor
340.00	0.20000	1.7273	0.57893	698.13	813.92	3.3036	0.89405	1.0842	374.62	1.9136	2.8502e-05	0.042612	vapor
350.00	0.20000	1.6995	0.58841	707.11	824.79	3.3212	0.89942	1.0895	377.48	1.8380	2.8879e-05	0.043396	vapor
360.00	0.20000	1.6726	0.59788	716.13	835.71	3.3386	0.90470	1.0947	380.32	1.7661	2.9253e-05	0.044177	vapor
370.00	0.20000	1.6465	0.60735	725.21	846.68	3.3558	0.90988	1.0999	383.13	1.6975	2.9624e-05	0.044955	vapor
380.00	0.20000	1.6212	0.61683	734.34	857.70	3.3728	0.91496	1.1049	385.92	1.6322	2.9992e-05	0.045729	vapor
390.00	0.20000	1.5967	0.62630	743.52	868.78	3.3896	0.91996	1.1099	388.70	1.5699	3.0357e-05	0.046501	vapor
400.00	0.20000	1.5729	0.63577	752.75	879.90	3.4062	0.92486	1.1147	391.45	1.5103	3.0720e-05	0.047269	vapor
410.00	0.20000	1.5498	0.64524	762.03	891.07	3.4227	0.92968	1.1195	394.18	1.4534	3.1079e-05	0.048033	vapor
420.00	0.20000	1.5274	0.65470	771.35	902.29	3.4390	0.93442	1.1242	396.89	1.3989	3.1436e-05	0.048795	vapor
430.00	0.20000	1.5056	0.66417	780.72	913.56	3.4552	0.93907	1.1288	399.59	1.3468	3.1791e-05	0.049553	vapor
440.00	0.20000	1.4845	0.67364	790.14	924.87	3.4711	0.94363	1.1334	402.26	1.2968	3.2142e-05	0.050308	vapor
450.00	0.20000	1.4639	0.68311	799.60	936.22	3.4869	0.94812	1.1378	404.92	1.2489	3.2491e-05	0.051059	vapor
460.00	0.20000	1.4439	0.69257	809.11	947.62	3.5026	0.95252	1.1422	407.56	1.2030	3.2838e-05	0.051808	vapor
470.00	0.20000	1.4244	0.70204	818.66	959.07	3.5181	0.95685	1.1465	410.18	1.1589	3.3182e-05	0.052553	vapor
480.00	0.20000	1.4055	0.71150	828.25	970.55	3.5335	0.96110	1.1507	412.79	1.1165	3.3523e-05	0.053294	vapor
490.00	0.20000	1.3870	0.72096	837.89	982.08	3.5487	0.96527	1.1549	415.38	1.0757	3.3862e-05	0.054033	vapor
500.00	0.20000	1.3691	0.73043	847.57	993.65	3.5637	0.96938	1.1590	417.95	1.0365	3.4199e-05	0.054768	vapor
510.00	0.20000	1.3516	0.73989	857.28	1005.3	3.5786	0.97340	1.1630	420.50	0.99877	3.4533e-05	0.055500	vapor
520.00	0.20000	1.3345	0.74935	867.04	1016.9	3.5934	0.97736	1.1669	423.05	0.96242	3.4865e-05	0.056229	vapor
530.00	0.20000	1.3178	0.75881	876.84	1028.6	3.6081	0.98125	1.1708	425.57	0.92739	3.5195e-05	0.056954	vapor
540.00	0.20000	1.3016	0.76828	886.67	1040.3	3.6226	0.98507	1.1746	428.08	0.89362	3.5522e-05	0.057677	vapor
550.00	0.20000	1.2858	0.77774	896.54	1052.1	3.6370	0.98882	1.1783	430.58	0.86103	3.5847e-05	0.058396	vapor
560.00	0.20000	1.2703	0.78720	906.45	1063.9	3.6512	0.99250	1.1820	433.06	0.82958	3.6170e-05	0.059111	vapor
570.00	0.20000	1.2552	0.79666	916.40	1075.7	3.6653	0.99612	1.1856	435.53	0.79920	3.6491e-05	0.059824	vapor
580.00	0.20000	1.2405	0.80612	926.38	1087.6	3.6793	0.99968	1.1891	437.98	0.76985	3.6810e-05	0.060533	vapor
590.00	0.20000	1.2261	0.81558	936.40	1099.5	3.6932	1.0032	1.1926	440.42	0.74147	3.7126e-05	0.061239	vapor
600.00	0.20000	1.2121	0.82503	946.45	1111.5	3.7070	1.0066	1.1960	442.85	0.71403	3.7441e-05	0.061942	vapor
610.00	0.20000	1.1983	0.83449	956.53	1123.4	3.7206	1.0100	1.1994	445.26	0.68748	3.7753e-05	0.062642	vapor
620.00	0.20000	1.1849	0.84395	966.65	1135.4	3.7341	1.0133	1.2027	447.66	0.66178	3.8064e-05	0.063338	vapor
630.00	0.20000	1.1718	0.85341	976.81	1147.5	3.7475	1.0165	1.2059	450.05	0.63688	3.8372e-05	0.064032	vapor
640.00	0.20000	1.1589	0.86287	986.99	1159.6	3.7608	1.0197	1.2091	452.43	0.61276	3.8679e-05	0.064722	vapor
650.00	0.20000	1.1464	0.87232	997.20	1171.7	3.7740	1.0229	1.2122	454.79	0.58939	3.8983e-05	0.065409	vapor
660.00	0.20000	1.1341	0.88178	1007.5	1183.8	3.7871	1.0260	1.2153	457.14	0.56672	3.9286e-05	0.066093	vapor
670.00	0.20000	1.1220	0.89124	1017.7	1196.0	3.8001	1.0290	1.2183	459.48	0.54473	3.9587e-05	0.066773	vapor
680.00	0.20000	1.1103	0.90069	1028.0	1208.2	3.8129	1.0320	1.2213	461.81	0.52339	3.9886e-05	0.067451	vapor
690.00	0.20000	1.0987	0.91015	1038.4	1220.4	3.8257	1.0349	1.2242	464.12	0.50268	4.0183e-05	0.068125	vapor
700.00	0.20000	1.0874	0.91961	1048.7	1232.7	3.8384	1.0378	1.2271	466.43	0.48256	4.0479e-05	0.068797	vapor
710.00	0.20000	1.0764	0.92906	1059.1	1244.9	3.8509	1.0406	1.2299	468.72	0.46301	4.0773e-05	0.069465	vapor
720.00	0.20000	1.0655	0.93852	1069.6	1257.3	3.8634	1.0434	1.2327	471.00	0.44402	4.1065e-05	0.070130	vapor
730.00	0.20000	1.0549	0.94797	1080.0	1269.6	3.8757	1.0461	1.2354	473.28	0.42555	4.1355e-05	0.070793	vapor
740.00	0.20000	1.0445	0.95743	1090.5	1282.0	3.8880	1.0488	1.2381	475.54	0.40759	4.1644e-05	0.071452	vapor
750.00	0.20000	1.0343	0.96688	1101.0	1294.4	3.9002	1.0514	1.2407	477.79	0.39012	4.1931e-05	0.072108	vapor
760.00	0.20000	1.0242	0.97634	1111.5	1306.8	3.9123	1.0540	1.2433	480.03	0.37312	4.2217e-05	0.072762	vapor
770.00	0.20000	1.0144	0.98579	1122.1	1319.2	3.9243	1.0566	1.2458	482.26	0.35657	4.2500e-05	0.073412	vapor
780.00	0.20000	1.0048	0.99525	1132.6	1331.7	3.9362	1.0591	1.2483	484.48	0.34045	4.2783e-05	0.074059	vapor
790.00	0.20000	0.99532	1.0047	1143.2	1344.2	3.9480	1.0615	1.2508	486.69	0.32475	4.3064e-05	0.074704	vapor
800.00	0.20000	0.98604	1.0142	1153.9	1356.7	3.9597	1.0639	1.2532	488.89	0.30946	4.3343e-05	0.075345	vapor
