Temperature (C)	Pressure (MPa)	Density (kg/m3)	Volume (m3/kg)	Internal Energy (kJ/kg)	Enthalpy (kJ/kg)	Entropy (J/g*K)	Cv (J/g*K)	Cp (J/g*K)	Sound Spd. (m/s)	Joule-Thomson (K/MPa)	Viscosity (Pa*s)	Therm. Cond. (W/m*K)	Phase
0.0000	3.0000	77.335	0.012931	403.43	442.22	1.9072	0.80310	1.4715	221.53	14.155	1.4448e-05	0.017913	vapor
10.000	3.0000	71.011	0.014082	413.73	455.98	1.9567	0.76926	1.2999	231.48	12.748	1.4845e-05	0.018109	vapor
20.000	3.0000	66.156	0.015116	423.12	468.46	2.0001	0.75229	1.2052	239.93	11.568	1.5266e-05	0.018546	vapor
30.000	3.0000	62.211	0.016074	431.98	480.20	2.0395	0.74389	1.1464	247.40	10.557	1.5698e-05	0.019106	vapor
40.000	3.0000	58.892	0.016980	440.52	491.46	2.0760	0.74025	1.1073	254.20	9.6806	1.6138e-05	0.019739	vapor
50.000	3.0000	56.032	0.017847	448.85	502.39	2.1104	0.73961	1.0803	260.49	8.9136	1.6581e-05	0.020420	vapor
60.000	3.0000	53.524	0.018683	457.04	513.09	2.1430	0.74104	1.0615	266.38	8.2364	1.7026e-05	0.021134	vapor
70.000	3.0000	51.295	0.019495	465.15	523.64	2.1742	0.74389	1.0482	271.93	7.6345	1.7472e-05	0.021873	vapor
80.000	3.0000	49.292	0.020287	473.21	534.07	2.2041	0.74772	1.0389	277.22	7.0968	1.7918e-05	0.022630	vapor
90.000	3.0000	47.477	0.021063	481.23	544.42	2.2330	0.75226	1.0326	282.28	6.6143	1.8363e-05	0.023401	vapor
100.00	3.0000	45.821	0.021824	489.25	554.73	2.2610	0.75732	1.0286	287.14	6.1795	1.8807e-05	0.024181	vapor
110.00	3.0000	44.299	0.022574	497.28	565.00	2.2882	0.76277	1.0263	291.83	5.7861	1.9249e-05	0.024970	vapor
120.00	3.0000	42.895	0.023313	505.32	575.26	2.3146	0.76850	1.0254	296.36	5.4288	1.9688e-05	0.025764	vapor
130.00	3.0000	41.592	0.024043	513.38	585.51	2.3404	0.77443	1.0256	300.76	5.1033	2.0126e-05	0.026563	vapor
140.00	3.0000	40.378	0.024766	521.48	595.77	2.3655	0.78051	1.0267	305.04	4.8059	2.0561e-05	0.027364	vapor
150.00	3.0000	39.245	0.025481	529.61	606.05	2.3901	0.78667	1.0285	309.20	4.5332	2.0993e-05	0.028167	vapor
160.00	3.0000	38.182	0.026191	537.77	616.35	2.4142	0.79289	1.0309	313.27	4.2826	2.1423e-05	0.028972	vapor
170.00	3.0000	37.182	0.026895	545.98	626.67	2.4377	0.79914	1.0337	317.24	4.0517	2.1850e-05	0.029776	vapor
180.00	3.0000	36.240	0.027594	554.24	637.02	2.4608	0.80540	1.0368	321.12	3.8383	2.2274e-05	0.030578	vapor
190.00	3.0000	35.350	0.028288	562.54	647.41	2.4835	0.81163	1.0403	324.93	3.6407	2.2695e-05	0.031385	vapor
200.00	3.0000	34.508	0.028979	570.89	657.83	2.5057	0.81784	1.0440	328.67	3.4574	2.3113e-05	0.032191	vapor
210.00	3.0000	33.709	0.029666	579.29	668.29	2.5276	0.82401	1.0479	332.34	3.2868	2.3528e-05	0.032996	vapor
220.00	3.0000	32.949	0.030350	587.74	678.79	2.5491	0.83013	1.0520	335.94	3.1279	2.3940e-05	0.033799	vapor
230.00	3.0000	32.227	0.031030	596.24	689.33	2.5703	0.83619	1.0562	339.48	2.9795	2.4349e-05	0.034601	vapor
240.00	3.0000	31.538	0.031708	604.79	699.91	2.5911	0.84219	1.0605	342.97	2.8407	2.4755e-05	0.035400	vapor
250.00	3.0000	30.880	0.032384	613.39	710.54	2.6116	0.84812	1.0648	346.41	2.7106	2.5158e-05	0.036197	vapor
260.00	3.0000	30.251	0.033057	622.04	721.21	2.6318	0.85398	1.0693	349.79	2.5885	2.5558e-05	0.036993	vapor
270.00	3.0000	29.649	0.033727	630.74	731.92	2.6517	0.85977	1.0737	353.13	2.4738	2.5955e-05	0.037785	vapor
280.00	3.0000	29.073	0.034396	639.49	742.68	2.6714	0.86548	1.0782	356.42	2.3657	2.6349e-05	0.038576	vapor
290.00	3.0000	28.520	0.035063	648.30	753.49	2.6907	0.87111	1.0827	359.67	2.2639	2.6740e-05	0.039364	vapor
300.00	3.0000	27.989	0.035729	657.15	764.33	2.7098	0.87667	1.0872	362.87	2.1677	2.7128e-05	0.040150	vapor
310.00	3.0000	27.478	0.036392	666.05	775.23	2.7287	0.88214	1.0917	366.04	2.0768	2.7513e-05	0.040933	vapor
320.00	3.0000	26.987	0.037055	675.00	786.17	2.7473	0.88753	1.0961	369.17	1.9908	2.7895e-05	0.041713	vapor
330.00	3.0000	26.514	0.037715	684.01	797.15	2.7656	0.89285	1.1006	372.27	1.9093	2.8274e-05	0.042491	vapor
340.00	3.0000	26.059	0.038375	693.05	808.18	2.7838	0.89808	1.1050	375.33	1.8319	2.8650e-05	0.043265	vapor
350.00	3.0000	25.619	0.039033	702.15	819.25	2.8017	0.90323	1.1094	378.36	1.7585	2.9024e-05	0.044038	vapor
360.00	3.0000	25.195	0.039690	711.30	830.37	2.8194	0.90830	1.1138	381.36	1.6886	2.9394e-05	0.044807	vapor
370.00	3.0000	24.785	0.040346	720.49	841.53	2.8369	0.91330	1.1181	384.32	1.6221	2.9762e-05	0.045574	vapor
380.00	3.0000	24.389	0.041001	729.73	852.73	2.8541	0.91821	1.1224	387.26	1.5588	3.0127e-05	0.046337	vapor
390.00	3.0000	24.006	0.041655	739.01	863.98	2.8712	0.92305	1.1267	390.17	1.4984	3.0490e-05	0.047098	vapor
400.00	3.0000	23.636	0.042309	748.34	875.26	2.8881	0.92780	1.1309	393.05	1.4408	3.0849e-05	0.047856	vapor
410.00	3.0000	23.277	0.042961	757.71	886.59	2.9048	0.93249	1.1350	395.90	1.3857	3.1207e-05	0.048611	vapor
420.00	3.0000	22.929	0.043612	767.13	897.96	2.9214	0.93709	1.1391	398.73	1.3331	3.1561e-05	0.049363	vapor
430.00	3.0000	22.592	0.044263	776.59	909.38	2.9377	0.94162	1.1432	401.53	1.2827	3.1913e-05	0.050112	vapor
440.00	3.0000	22.265	0.044913	786.09	920.83	2.9539	0.94607	1.1472	404.31	1.2345	3.2262e-05	0.050858	vapor
450.00	3.0000	21.948	0.045562	795.63	932.32	2.9699	0.95045	1.1512	407.07	1.1882	3.2609e-05	0.051602	vapor
460.00	3.0000	21.640	0.046211	805.22	943.85	2.9857	0.95476	1.1551	409.81	1.1439	3.2953e-05	0.052342	vapor
470.00	3.0000	21.341	0.046859	814.84	955.42	3.0014	0.95899	1.1589	412.52	1.1013	3.3295e-05	0.053079	vapor
480.00	3.0000	21.050	0.047507	824.51	967.03	3.0169	0.96316	1.1627	415.21	1.0605	3.3635e-05	0.053813	vapor
490.00	3.0000	20.767	0.048153	834.22	978.68	3.0323	0.96725	1.1665	417.88	1.0212	3.3972e-05	0.054544	vapor
500.00	3.0000	20.492	0.048800	843.96	990.36	3.0475	0.97128	1.1702	420.53	0.98343	3.4307e-05	0.055272	vapor
510.00	3.0000	20.224	0.049446	853.74	1002.1	3.0625	0.97523	1.1738	423.16	0.94709	3.4639e-05	0.055997	vapor
520.00	3.0000	19.964	0.050091	863.56	1013.8	3.0775	0.97912	1.1774	425.77	0.91209	3.4970e-05	0.056719	vapor
530.00	3.0000	19.710	0.050736	873.42	1025.6	3.0922	0.98295	1.1810	428.37	0.87837	3.5297e-05	0.057438	vapor
540.00	3.0000	19.463	0.051380	883.31	1037.5	3.1069	0.98670	1.1845	430.94	0.84587	3.5623e-05	0.058153	vapor
550.00	3.0000	19.222	0.052024	893.24	1049.3	3.1214	0.99040	1.1879	433.50	0.81452	3.5947e-05	0.058866	vapor
560.00	3.0000	18.987	0.052668	903.21	1061.2	3.1357	0.99403	1.1913	436.04	0.78427	3.6268e-05	0.059576	vapor
570.00	3.0000	18.758	0.053311	913.21	1073.1	3.1500	0.99760	1.1946	438.56	0.75506	3.6587e-05	0.060282	vapor
580.00	3.0000	18.534	0.053954	923.24	1085.1	3.1641	1.0011	1.1979	441.07	0.72683	3.6905e-05	0.060986	vapor
590.00	3.0000	18.316	0.054596	933.31	1097.1	3.1780	1.0046	1.2011	443.56	0.69956	3.7220e-05	0.061686	vapor
600.00	3.0000	18.103	0.055238	943.41	1109.1	3.1919	1.0079	1.2043	446.04	0.67318	3.7533e-05	0.062383	vapor
610.00	3.0000	17.896	0.055880	953.55	1121.2	3.2056	1.0113	1.2074	448.50	0.64766	3.7844e-05	0.063078	vapor
620.00	3.0000	17.692	0.056521	963.71	1133.3	3.2192	1.0145	1.2105	450.94	0.62296	3.8153e-05	0.063769	vapor
630.00	3.0000	17.494	0.057162	973.91	1145.4	3.2327	1.0178	1.2135	453.37	0.59904	3.8461e-05	0.064457	vapor
640.00	3.0000	17.300	0.057803	984.13	1157.5	3.2461	1.0209	1.2165	455.79	0.57587	3.8766e-05	0.065142	vapor
650.00	3.0000	17.110	0.058444	994.39	1169.7	3.2594	1.0240	1.2194	458.19	0.55341	3.9069e-05	0.065824	vapor
660.00	3.0000	16.925	0.059084	1004.7	1181.9	3.2725	1.0271	1.2223	460.58	0.53163	3.9371e-05	0.066503	vapor
670.00	3.0000	16.744	0.059724	1015.0	1194.2	3.2856	1.0301	1.2252	462.95	0.51051	3.9671e-05	0.067180	vapor
680.00	3.0000	16.566	0.060364	1025.3	1206.4	3.2985	1.0330	1.2280	465.32	0.49001	3.9969e-05	0.067853	vapor
690.00	3.0000	16.393	0.061003	1035.7	1218.7	3.3113	1.0359	1.2307	467.66	0.47011	4.0265e-05	0.068523	vapor
700.00	3.0000	16.223	0.061643	1046.1	1231.1	3.3241	1.0388	1.2334	470.00	0.45079	4.0559e-05	0.069190	vapor
710.00	3.0000	16.056	0.062282	1056.6	1243.4	3.3367	1.0416	1.2361	472.32	0.43202	4.0852e-05	0.069854	vapor
720.00	3.0000	15.893	0.062920	1067.0	1255.8	3.3492	1.0443	1.2387	474.63	0.41377	4.1143e-05	0.070515	vapor
730.00	3.0000	15.733	0.063559	1077.5	1268.2	3.3616	1.0470	1.2413	476.93	0.39603	4.1433e-05	0.071173	vapor
740.00	3.0000	15.577	0.064197	1088.0	1280.6	3.3740	1.0497	1.2438	479.22	0.37878	4.1721e-05	0.071828	vapor
750.00	3.0000	15.424	0.064836	1098.5	1293.0	3.3862	1.0523	1.2463	481.49	0.36200	4.2007e-05	0.072481	vapor
760.00	3.0000	15.273	0.065474	1109.1	1305.5	3.3983	1.0549	1.2488	483.76	0.34567	4.2291e-05	0.073130	vapor
770.00	3.0000	15.126	0.066111	1119.7	1318.0	3.4104	1.0574	1.2512	486.01	0.32977	4.2574e-05	0.073777	vapor
780.00	3.0000	14.981	0.066749	1130.3	1330.5	3.4223	1.0599	1.2535	488.25	0.31428	4.2856e-05	0.074421	vapor
790.00	3.0000	14.840	0.067387	1140.9	1343.1	3.4342	1.0623	1.2559	490.48	0.29920	4.3136e-05	0.075061	vapor
800.00	3.0000	14.701	0.068024	1151.6	1355.7	3.4459	1.0647	1.2582	492.70	0.28450	4.3414e-05	0.075699	vapor
