Temperature (C)	Pressure (MPa)	Density (kg/m3)	Volume (m3/kg)	Internal Energy (kJ/kg)	Enthalpy (kJ/kg)	Entropy (J/g*K)	Cv (J/g*K)	Cp (J/g*K)	Sound Spd. (m/s)	Joule-Thomson (K/MPa)	Viscosity (Pa*s)	Therm. Cond. (W/m*K)	Phase
10.000	2.5000	1000.8	0.00099915	41.957	44.455	0.15086	4.1809	4.1861	1451.2	-0.23235	0.0013033	0.58121	liquid
20.000	2.5000	999.30	0.0010007	83.760	86.262	0.29596	4.1482	4.1766	1486.3	-0.22482	0.0010006	0.59956	liquid
30.000	2.5000	996.72	0.0010033	125.50	128.01	0.43599	4.1096	4.1734	1513.2	-0.21816	0.00079713	0.61658	liquid
40.000	2.5000	993.27	0.0010068	167.22	169.74	0.57143	4.0666	4.1735	1533.1	-0.21206	0.00065317	0.63172	liquid
50.000	2.5000	989.08	0.0010110	208.96	211.49	0.70266	4.0201	4.1758	1546.9	-0.20633	0.00054727	0.64471	liquid
60.000	2.5000	984.24	0.0010160	250.72	253.26	0.82998	3.9710	4.1797	1555.4	-0.20081	0.00046693	0.65553	liquid
70.000	2.5000	978.82	0.0010216	292.53	295.08	0.95366	3.9201	4.1849	1559.3	-0.19537	0.00040449	0.66431	liquid
80.000	2.5000	972.86	0.0010279	334.39	336.96	1.0740	3.8683	4.1915	1559.2	-0.18992	0.00035498	0.67123	liquid
90.000	2.5000	966.40	0.0010348	376.33	378.92	1.1911	3.8163	4.1999	1555.4	-0.18436	0.00031505	0.67653	liquid
100.00	2.5000	959.47	0.0010422	418.36	420.97	1.3053	3.7645	4.2102	1548.3	-0.17860	0.00028238	0.68040	liquid
110.00	2.5000	952.08	0.0010503	460.51	463.13	1.4168	3.7134	4.2227	1538.2	-0.17256	0.00025533	0.68303	liquid
120.00	2.5000	944.26	0.0010590	502.78	505.43	1.5258	3.6633	4.2377	1525.3	-0.16617	0.00023266	0.68455	liquid
130.00	2.5000	935.99	0.0010684	545.22	547.89	1.6325	3.6145	4.2554	1509.7	-0.15934	0.00021347	0.68508	liquid
140.00	2.5000	927.29	0.0010784	587.85	590.55	1.7370	3.5671	4.2763	1491.7	-0.15199	0.00019709	0.68468	liquid
150.00	2.5000	918.15	0.0010891	630.71	633.43	1.8395	3.5213	4.3005	1471.3	-0.14403	0.00018297	0.68341	liquid
160.00	2.5000	908.57	0.0011006	673.82	676.57	1.9403	3.4771	4.3286	1448.6	-0.13533	0.00017071	0.68129	liquid
170.00	2.5000	898.53	0.0011129	717.24	720.02	2.0395	3.4346	4.3610	1423.7	-0.12578	0.00015998	0.67832	liquid
180.00	2.5000	888.00	0.0011261	760.99	763.81	2.1372	3.3938	4.3983	1396.5	-0.11523	0.00015051	0.67449	liquid
190.00	2.5000	876.96	0.0011403	805.15	808.00	2.2337	3.3547	4.4411	1367.1	-0.10348	0.00014209	0.66978	liquid
200.00	2.5000	865.38	0.0011556	849.76	852.65	2.3290	3.3173	4.4903	1335.5	-0.090326	0.00013455	0.66414	liquid
210.00	2.5000	853.20	0.0011721	894.90	897.83	2.4235	3.2817	4.5472	1301.6	-0.075474	0.00012775	0.65752	liquid
220.00	2.5000	840.38	0.0011899	940.65	943.63	2.5173	3.2478	4.6132	1265.3	-0.058565	0.00012156	0.64983	liquid
223.95	2.5000	835.12	0.0011974	958.91	961.91	2.5543	3.2349	4.6422	1250.2	-0.051221	0.00011926	0.64648	liquid
223.95	2.5000	12.508	0.079949	2602.1	2801.9	6.2558	2.2483	3.4050	504.67	19.935	1.6550e-05	0.045025	vapor
230.00	2.5000	12.240	0.081702	2617.5	2821.8	6.2955	2.1212	3.1755	511.42	19.102	1.6835e-05	0.044934	vapor
240.00	2.5000	11.842	0.084445	2641.2	2852.3	6.3555	1.9976	2.9418	521.02	17.834	1.7302e-05	0.044960	vapor
250.00	2.5000	11.487	0.087053	2663.3	2880.9	6.4107	1.9209	2.7903	529.55	16.691	1.7764e-05	0.045159	vapor
260.00	2.5000	11.165	0.089562	2684.3	2908.2	6.4625	1.8661	2.6795	537.45	15.652	1.8221e-05	0.045496	vapor
270.00	2.5000	10.871	0.091992	2704.6	2934.6	6.5114	1.8244	2.5937	544.89	14.702	1.8676e-05	0.045947	vapor
280.00	2.5000	10.598	0.094358	2724.3	2960.1	6.5581	1.7917	2.5254	551.97	13.832	1.9128e-05	0.046493	vapor
290.00	2.5000	10.344	0.096670	2743.4	2985.1	6.6028	1.7658	2.4701	558.75	13.035	1.9577e-05	0.047119	vapor
300.00	2.5000	10.107	0.098937	2762.2	3009.6	6.6459	1.7451	2.4248	565.28	12.303	2.0023e-05	0.047815	vapor
310.00	2.5000	9.8848	0.10117	2780.7	3033.6	6.6875	1.7287	2.3876	571.58	11.629	2.0468e-05	0.048572	vapor
320.00	2.5000	9.6749	0.10336	2799.0	3057.4	6.7278	1.7157	2.3567	577.68	11.009	2.0910e-05	0.049381	vapor
330.00	2.5000	9.4763	0.10553	2817.0	3080.8	6.7670	1.7055	2.3311	583.61	10.436	2.1351e-05	0.050235	vapor
340.00	2.5000	9.2879	0.10767	2834.8	3104.0	6.8052	1.6976	2.3098	589.38	9.9074	2.1790e-05	0.051131	vapor
350.00	2.5000	9.1087	0.10979	2852.5	3127.0	6.8424	1.6916	2.2920	595.02	9.4176	2.2227e-05	0.052063	vapor
360.00	2.5000	8.9378	0.11188	2870.1	3149.8	6.8788	1.6872	2.2772	600.53	8.9630	2.2663e-05	0.053027	vapor
370.00	2.5000	8.7746	0.11397	2887.6	3172.5	6.9143	1.6842	2.2650	605.92	8.5405	2.3097e-05	0.054021	vapor
380.00	2.5000	8.6184	0.11603	2905.1	3195.1	6.9492	1.6823	2.2549	611.20	8.1469	2.3530e-05	0.055041	vapor
390.00	2.5000	8.4687	0.11808	2922.4	3217.7	6.9834	1.6814	2.2466	616.39	7.7797	2.3961e-05	0.056085	vapor
400.00	2.5000	8.3251	0.12012	2939.8	3240.1	7.0170	1.6814	2.2398	621.48	7.4365	2.4391e-05	0.057150	vapor
410.00	2.5000	8.1870	0.12215	2957.1	3262.5	7.0500	1.6821	2.2345	626.49	7.1152	2.4819e-05	0.058236	vapor
420.00	2.5000	8.0541	0.12416	2974.4	3284.8	7.0824	1.6834	2.2303	631.42	6.8138	2.5246e-05	0.059340	vapor
430.00	2.5000	7.9260	0.12617	2991.6	3307.1	7.1143	1.6853	2.2272	636.27	6.5307	2.5671e-05	0.060462	vapor
440.00	2.5000	7.8025	0.12816	3008.9	3329.3	7.1458	1.6877	2.2250	641.06	6.2645	2.6096e-05	0.061600	vapor
450.00	2.5000	7.6833	0.13015	3026.2	3351.6	7.1767	1.6905	2.2236	645.77	6.0137	2.6519e-05	0.062752	vapor
460.00	2.5000	7.5681	0.13213	3043.5	3373.8	7.2073	1.6937	2.2229	650.43	5.7771	2.6940e-05	0.063919	vapor
470.00	2.5000	7.4567	0.13411	3060.8	3396.0	7.2374	1.6972	2.2229	655.02	5.5536	2.7360e-05	0.065100	vapor
480.00	2.5000	7.3489	0.13607	3078.1	3418.3	7.2671	1.7011	2.2234	659.55	5.3423	2.7779e-05	0.066293	vapor
490.00	2.5000	7.2445	0.13804	3095.4	3440.5	7.2964	1.7052	2.2245	664.03	5.1423	2.8197e-05	0.067498	vapor
500.00	2.5000	7.1433	0.13999	3112.8	3462.7	7.3254	1.7095	2.2260	668.46	4.9528	2.8613e-05	0.068715	vapor
510.00	2.5000	7.0451	0.14194	3130.2	3485.0	7.3540	1.7141	2.2280	672.84	4.7729	2.9028e-05	0.069942	vapor
520.00	2.5000	6.9498	0.14389	3147.6	3507.3	7.3823	1.7189	2.2303	677.17	4.6021	2.9441e-05	0.071180	vapor
530.00	2.5000	6.8573	0.14583	3165.1	3529.6	7.4103	1.7239	2.2330	681.46	4.4397	2.9854e-05	0.072428	vapor
540.00	2.5000	6.7674	0.14777	3182.6	3552.0	7.4379	1.7290	2.2360	685.70	4.2852	3.0264e-05	0.073685	vapor
550.00	2.5000	6.6800	0.14970	3200.1	3574.3	7.4653	1.7343	2.2393	689.89	4.1381	3.0674e-05	0.074951	vapor
560.00	2.5000	6.5950	0.15163	3217.7	3596.8	7.4923	1.7398	2.2429	694.05	3.9979	3.1082e-05	0.076226	vapor
570.00	2.5000	6.5123	0.15356	3235.3	3619.2	7.5191	1.7453	2.2467	698.17	3.8641	3.1489e-05	0.077509	vapor
580.00	2.5000	6.4318	0.15548	3253.0	3641.7	7.5456	1.7510	2.2507	702.24	3.7364	3.1895e-05	0.078799	vapor
590.00	2.5000	6.3533	0.15740	3270.7	3664.2	7.5719	1.7568	2.2549	706.28	3.6144	3.2299e-05	0.080097	vapor
600.00	2.5000	6.2769	0.15931	3288.5	3686.8	7.5979	1.7627	2.2593	710.29	3.4978	3.2702e-05	0.081401	vapor
610.00	2.5000	6.2024	0.16123	3306.3	3709.4	7.6236	1.7686	2.2639	714.26	3.3862	3.3103e-05	0.082713	vapor
620.00	2.5000	6.1297	0.16314	3324.2	3732.1	7.6491	1.7747	2.2686	718.20	3.2794	3.3504e-05	0.084030	vapor
630.00	2.5000	6.0589	0.16505	3342.2	3754.8	7.6744	1.7808	2.2735	722.10	3.1771	3.3902e-05	0.085354	vapor
640.00	2.5000	5.9897	0.16695	3360.2	3777.5	7.6995	1.7870	2.2785	725.97	3.0790	3.4300e-05	0.086683	vapor
650.00	2.5000	5.9221	0.16886	3378.2	3800.4	7.7243	1.7933	2.2837	729.81	2.9850	3.4696e-05	0.088017	vapor
660.00	2.5000	5.8562	0.17076	3396.3	3823.2	7.7490	1.7996	2.2889	733.62	2.8947	3.5091e-05	0.089356	vapor
670.00	2.5000	5.7917	0.17266	3414.5	3846.1	7.7734	1.8059	2.2943	737.41	2.8081	3.5485e-05	0.090701	vapor
680.00	2.5000	5.7288	0.17456	3432.7	3869.1	7.7976	1.8123	2.2997	741.16	2.7248	3.5877e-05	0.092050	vapor
690.00	2.5000	5.6672	0.17645	3451.0	3892.1	7.8216	1.8188	2.3053	744.89	2.6448	3.6268e-05	0.093403	vapor
700.00	2.5000	5.6070	0.17835	3469.3	3915.2	7.8455	1.8253	2.3109	748.59	2.5679	3.6658e-05	0.094761	vapor
710.00	2.5000	5.5481	0.18024	3487.7	3938.3	7.8691	1.8318	2.3166	752.26	2.4938	3.7046e-05	0.096123	vapor
720.00	2.5000	5.4905	0.18213	3506.2	3961.5	7.8926	1.8383	2.3223	755.91	2.4226	3.7433e-05	0.097489	vapor
730.00	2.5000	5.4341	0.18402	3524.7	3984.8	7.9159	1.8449	2.3281	759.54	2.3540	3.7818e-05	0.098859	vapor
740.00	2.5000	5.3789	0.18591	3543.3	4008.1	7.9390	1.8515	2.3340	763.14	2.2878	3.8203e-05	0.10023	vapor
750.00	2.5000	5.3249	0.18780	3562.0	4031.5	7.9620	1.8581	2.3399	766.72	2.2241	3.8586e-05	0.10161	vapor
760.00	2.5000	5.2719	0.18968	3580.7	4054.9	7.9848	1.8647	2.3459	770.27	2.1626	3.8968e-05	0.10299	vapor
770.00	2.5000	5.2201	0.19157	3599.5	4078.4	8.0074	1.8713	2.3519	773.80	2.1034	3.9348e-05	0.10437	vapor
780.00	2.5000	5.1693	0.19345	3618.3	4101.9	8.0299	1.8780	2.3580	777.31	2.0461	3.9727e-05	0.10576	vapor
790.00	2.5000	5.1194	0.19533	3637.2	4125.5	8.0522	1.8846	2.3640	780.80	1.9909	4.0105e-05	0.10715	vapor
800.00	2.5000	5.0706	0.19721	3656.2	4149.2	8.0743	1.8913	2.3701	784.27	1.9376	4.0482e-05	0.10855	vapor
810.00	2.5000	5.0227	0.19909	3675.2	4173.0	8.0964	1.8979	2.3763	787.72	1.8860	4.0857e-05	0.10994	vapor
820.00	2.5000	4.9758	0.20097	3694.3	4196.7	8.1182	1.9046	2.3824	791.15	1.8362	4.1231e-05	0.11134	vapor
830.00	2.5000	4.9297	0.20285	3713.5	4220.6	8.1399	1.9112	2.3886	794.55	1.7880	4.1604e-05	0.11274	vapor
840.00	2.5000	4.8845	0.20473	3732.7	4244.5	8.1615	1.9178	2.3948	797.94	1.7414	4.1975e-05	0.11415	vapor
850.00	2.5000	4.8402	0.20660	3752.0	4268.5	8.1830	1.9245	2.4009	801.32	1.6963	4.2345e-05	0.11556	vapor
860.00	2.5000	4.7966	0.20848	3771.3	4292.5	8.2043	1.9311	2.4071	804.67	1.6527	4.2714e-05	0.11697	vapor
870.00	2.5000	4.7539	0.21035	3790.8	4316.6	8.2255	1.9377	2.4133	808.00	1.6105	4.3082e-05	0.11838	vapor
880.00	2.5000	4.7119	0.21223	3810.2	4340.8	8.2465	1.9443	2.4195	811.32	1.5695	4.3448e-05	0.11980	vapor
890.00	2.5000	4.6707	0.21410	3829.8	4365.0	8.2674	1.9509	2.4257	814.62	1.5299	4.3813e-05	0.12121	vapor
900.00	2.5000	4.6302	0.21597	3849.4	4389.3	8.2882	1.9574	2.4319	817.91	1.4915	4.4177e-05	0.12263	vapor
910.00	2.5000	4.5904	0.21785	3869.1	4413.7	8.3089	1.9640	2.4381	821.18	1.4542	4.4540e-05	0.12406	vapor
920.00	2.5000	4.5513	0.21972	3888.8	4438.1	8.3294	1.9705	2.4443	824.43	1.4181	4.4902e-05	0.12548	vapor
930.00	2.5000	4.5129	0.22159	3908.6	4462.6	8.3499	1.9770	2.4505	827.66	1.3831	4.5262e-05	0.12691	vapor
940.00	2.5000	4.4752	0.22346	3928.4	4487.1	8.3702	1.9835	2.4566	830.88	1.3491	4.5621e-05	0.12834	vapor
950.00	2.5000	4.4380	0.22532	3948.4	4511.7	8.3904	1.9899	2.4628	834.09	1.3161	4.5979e-05	0.12977	vapor
960.00	2.5000	4.4015	0.22719	3968.4	4536.3	8.4104	1.9963	2.4689	837.28	1.2841	4.6335e-05	0.13121	vapor
970.00	2.5000	4.3656	0.22906	3988.4	4561.1	8.4304	2.0027	2.4751	840.46	1.2530	4.6691e-05	0.13264	vapor
980.00	2.5000	4.3303	0.23093	4008.5	4585.8	8.4503	2.0091	2.4812	843.62	1.2228	4.7045e-05	0.13408	vapor
990.00	2.5000	4.2956	0.23280	4028.7	4610.7	8.4700	2.0155	2.4872	846.77	1.1935	4.7398e-05	0.13552	vapor
1000.0	2.5000	4.2615	0.23466	4048.9	4635.6	8.4896	2.0218	2.4933	849.90	1.1650	4.7750e-05	0.13696	vapor
