Temperature (C)	Pressure (MPa)	Density (kg/m3)	Volume (m3/kg)	Internal Energy (kJ/kg)	Enthalpy (kJ/kg)	Entropy (J/g*K)	Cv (J/g*K)	Cp (J/g*K)	Sound Spd. (m/s)	Joule-Thomson (K/MPa)	Viscosity (Pa*s)	Therm. Cond. (W/m*K)	Phase
-190.00	0.10000	4.1949	0.23839	59.800	83.639	5.4936	0.76268	1.1017	182.26	23.201	5.8329e-06	0.0080917	vapor
-180.00	0.10000	3.7067	0.26978	67.560	94.538	5.6174	0.75462	1.0803	194.07	18.443	6.5091e-06	0.0091576	vapor
-170.00	0.10000	3.3259	0.30067	75.208	105.28	5.7269	0.75030	1.0682	205.01	15.167	7.1715e-06	0.010192	vapor
-160.00	0.10000	3.0187	0.33126	82.790	115.92	5.8253	0.74778	1.0606	215.27	12.784	7.8200e-06	0.011182	vapor
-150.00	0.10000	2.7651	0.36165	90.331	126.50	5.9149	0.74622	1.0557	224.98	10.975	8.4548e-06	0.012134	vapor
-140.00	0.10000	2.5517	0.39189	97.845	137.03	5.9972	0.74520	1.0522	234.25	9.5579	9.0763e-06	0.013055	vapor
-130.00	0.10000	2.3695	0.42204	105.34	147.54	6.0733	0.74451	1.0497	243.12	8.4185	9.6849e-06	0.013950	vapor
-120.00	0.10000	2.2119	0.45210	112.82	158.03	6.1441	0.74403	1.0479	251.65	7.4831	1.0281e-05	0.014822	vapor
-110.00	0.10000	2.0742	0.48210	120.29	168.50	6.2104	0.74368	1.0465	259.89	6.7019	1.0865e-05	0.015673	vapor
-100.00	0.10000	1.9529	0.51206	127.76	178.96	6.2726	0.74343	1.0454	267.85	6.0399	1.1438e-05	0.016506	vapor
-90.000	0.10000	1.8451	0.54198	135.21	189.41	6.3313	0.74324	1.0445	275.58	5.4720	1.2000e-05	0.017321	vapor
-80.000	0.10000	1.7486	0.57187	142.67	199.85	6.3868	0.74310	1.0438	283.08	4.9796	1.2552e-05	0.018121	vapor
-70.000	0.10000	1.6619	0.60174	150.12	210.29	6.4395	0.74299	1.0433	290.38	4.5488	1.3093e-05	0.018905	vapor
-60.000	0.10000	1.5833	0.63158	157.56	220.72	6.4896	0.74291	1.0428	297.50	4.1687	1.3625e-05	0.019674	vapor
-50.000	0.10000	1.5119	0.66141	165.01	231.15	6.5374	0.74285	1.0424	304.45	3.8311	1.4148e-05	0.020430	vapor
-40.000	0.10000	1.4467	0.69122	172.45	241.57	6.5831	0.74282	1.0421	311.23	3.5292	1.4662e-05	0.021174	vapor
-30.000	0.10000	1.3869	0.72102	179.89	251.99	6.6268	0.74280	1.0419	317.87	3.2577	1.5167e-05	0.021905	vapor
-20.000	0.10000	1.3319	0.75081	187.33	262.41	6.6688	0.74281	1.0417	324.36	3.0123	1.5665e-05	0.022624	vapor
-10.000	0.10000	1.2811	0.78059	194.76	272.82	6.7092	0.74283	1.0415	330.73	2.7894	1.6154e-05	0.023333	vapor
0.0000	0.10000	1.2340	0.81035	202.20	283.24	6.7480	0.74288	1.0414	336.97	2.5861	1.6637e-05	0.024031	vapor
10.000	0.10000	1.1903	0.84012	209.64	293.65	6.7855	0.74296	1.0413	343.09	2.4000	1.7112e-05	0.024719	vapor
20.000	0.10000	1.1496	0.86987	217.08	304.06	6.8216	0.74307	1.0413	349.10	2.2290	1.7580e-05	0.025398	vapor
30.000	0.10000	1.1116	0.89962	224.51	314.48	6.8565	0.74321	1.0414	355.01	2.0714	1.8042e-05	0.026068	vapor
40.000	0.10000	1.0760	0.92937	231.95	324.89	6.8903	0.74340	1.0414	360.81	1.9256	1.8497e-05	0.026730	vapor
50.000	0.10000	1.0426	0.95911	239.40	335.31	6.9231	0.74364	1.0416	366.52	1.7904	1.8946e-05	0.027384	vapor
60.000	0.10000	1.0113	0.98884	246.84	345.72	6.9548	0.74392	1.0418	372.13	1.6646	1.9390e-05	0.028031	vapor
70.000	0.10000	0.98177	1.0186	254.28	356.14	6.9856	0.74426	1.0421	377.66	1.5475	1.9827e-05	0.028671	vapor
80.000	0.10000	0.95392	1.0483	261.73	366.56	7.0156	0.74466	1.0424	383.10	1.4380	2.0260e-05	0.029305	vapor
90.000	0.10000	0.92762	1.0780	269.19	376.99	7.0447	0.74513	1.0428	388.45	1.3356	2.0686e-05	0.029934	vapor
100.00	0.10000	0.90273	1.1077	276.65	387.42	7.0730	0.74566	1.0433	393.73	1.2395	2.1108e-05	0.030556	vapor
110.00	0.10000	0.87914	1.1375	284.11	397.86	7.1006	0.74626	1.0438	398.92	1.1492	2.1525e-05	0.031174	vapor
120.00	0.10000	0.85676	1.1672	291.58	408.30	7.1275	0.74694	1.0445	404.05	1.0643	2.1937e-05	0.031787	vapor
130.00	0.10000	0.83549	1.1969	299.05	418.75	7.1538	0.74770	1.0452	409.09	0.98417	2.2344e-05	0.032396	vapor
140.00	0.10000	0.81525	1.2266	306.54	429.20	7.1794	0.74854	1.0460	414.07	0.90857	2.2747e-05	0.033002	vapor
150.00	0.10000	0.79597	1.2563	314.03	439.67	7.2044	0.74946	1.0469	418.98	0.83711	2.3146e-05	0.033604	vapor
160.00	0.10000	0.77758	1.2860	321.53	450.14	7.2289	0.75046	1.0478	423.82	0.76947	2.3540e-05	0.034202	vapor
170.00	0.10000	0.76003	1.3157	329.05	460.62	7.2528	0.75154	1.0489	428.60	0.70539	2.3931e-05	0.034798	vapor
180.00	0.10000	0.74325	1.3455	336.57	471.12	7.2762	0.75270	1.0500	433.31	0.64461	2.4317e-05	0.035391	vapor
190.00	0.10000	0.72719	1.3752	344.11	481.62	7.2991	0.75395	1.0512	437.96	0.58690	2.4700e-05	0.035982	vapor
200.00	0.10000	0.71181	1.4049	351.66	492.14	7.3216	0.75527	1.0525	442.55	0.53205	2.5078e-05	0.036571	vapor
210.00	0.10000	0.69708	1.4346	359.22	502.67	7.3436	0.75667	1.0539	447.09	0.47988	2.5454e-05	0.037158	vapor
220.00	0.10000	0.68294	1.4643	366.79	513.22	7.3652	0.75815	1.0554	451.57	0.43021	2.5825e-05	0.037743	vapor
230.00	0.10000	0.66936	1.4940	374.38	523.78	7.3864	0.75971	1.0569	455.99	0.38289	2.6194e-05	0.038326	vapor
240.00	0.10000	0.65631	1.5237	381.99	534.36	7.4073	0.76134	1.0585	460.36	0.33777	2.6559e-05	0.038908	vapor
250.00	0.10000	0.64376	1.5534	389.62	544.95	7.4277	0.76303	1.0602	464.67	0.29473	2.6920e-05	0.039489	vapor
260.00	0.10000	0.63169	1.5831	397.26	555.56	7.4478	0.76480	1.0619	468.94	0.25363	2.7279e-05	0.040068	vapor
270.00	0.10000	0.62005	1.6128	404.92	566.19	7.4675	0.76662	1.0638	473.16	0.21438	2.7635e-05	0.040647	vapor
280.00	0.10000	0.60884	1.6425	412.59	576.84	7.4870	0.76851	1.0656	477.33	0.17686	2.7987e-05	0.041224	vapor
290.00	0.10000	0.59803	1.6722	420.29	587.50	7.5061	0.77046	1.0676	481.45	0.14097	2.8337e-05	0.041801	vapor
300.00	0.10000	0.58760	1.7018	428.00	598.19	7.5249	0.77246	1.0696	485.53	0.10664	2.8684e-05	0.042376	vapor
310.00	0.10000	0.57752	1.7315	435.74	608.90	7.5434	0.77451	1.0716	489.56	0.073767	2.9028e-05	0.042951	vapor
320.00	0.10000	0.56778	1.7612	443.50	619.62	7.5616	0.77660	1.0737	493.56	0.042285	2.9370e-05	0.043525	vapor
330.00	0.10000	0.55837	1.7909	451.28	630.37	7.5796	0.77875	1.0758	497.51	0.012118	2.9709e-05	0.044098	vapor
340.00	0.10000	0.54926	1.8206	459.08	641.14	7.5973	0.78093	1.0780	501.42	-0.016803	3.0045e-05	0.044670	vapor
350.00	0.10000	0.54045	1.8503	466.90	651.93	7.6148	0.78315	1.0802	505.29	-0.044539	3.0379e-05	0.045241	vapor
360.00	0.10000	0.53191	1.8800	474.74	662.74	7.6320	0.78540	1.0824	509.13	-0.071152	3.0710e-05	0.045812	vapor
370.00	0.10000	0.52364	1.9097	482.61	673.58	7.6490	0.78768	1.0847	512.93	-0.096697	3.1040e-05	0.046381	vapor
380.00	0.10000	0.51563	1.9394	490.50	684.44	7.6657	0.78999	1.0870	516.69	-0.12123	3.1366e-05	0.046950	vapor
390.00	0.10000	0.50785	1.9691	498.41	695.32	7.6823	0.79233	1.0893	520.42	-0.14479	3.1691e-05	0.047519	vapor
400.00	0.10000	0.50031	1.9988	506.35	706.22	7.6986	0.79469	1.0917	524.11	-0.16743	3.2013e-05	0.048086	vapor
410.00	0.10000	0.49298	2.0285	514.31	717.15	7.7147	0.79706	1.0941	527.77	-0.18920	3.2334e-05	0.048652	vapor
420.00	0.10000	0.48587	2.0582	522.29	728.10	7.7306	0.79945	1.0964	531.40	-0.21014	3.2652e-05	0.049218	vapor
430.00	0.10000	0.47896	2.0878	530.30	739.08	7.7463	0.80186	1.0988	535.00	-0.23028	3.2968e-05	0.049782	vapor
440.00	0.10000	0.47225	2.1175	538.33	750.08	7.7619	0.80427	1.1012	538.57	-0.24966	3.3282e-05	0.050346	vapor
450.00	0.10000	0.46572	2.1472	546.38	761.10	7.7772	0.80669	1.1037	542.11	-0.26832	3.3594e-05	0.050909	vapor
460.00	0.10000	0.45937	2.1769	554.46	772.15	7.7924	0.80912	1.1061	545.63	-0.28630	3.3904e-05	0.051470	vapor
470.00	0.10000	0.45319	2.2066	562.57	783.23	7.8074	0.81155	1.1085	549.11	-0.30361	3.4213e-05	0.052031	vapor
480.00	0.10000	0.44717	2.2363	570.70	794.32	7.8222	0.81399	1.1109	552.57	-0.32030	3.4519e-05	0.052591	vapor
490.00	0.10000	0.44131	2.2660	578.85	805.45	7.8369	0.81642	1.1134	556.00	-0.33638	3.4824e-05	0.053149	vapor
500.00	0.10000	0.43561	2.2957	587.03	816.59	7.8514	0.81885	1.1158	559.41	-0.35189	3.5127e-05	0.053706	vapor
510.00	0.10000	0.43004	2.3253	595.23	827.76	7.8658	0.82128	1.1182	562.79	-0.36686	3.5428e-05	0.054263	vapor
520.00	0.10000	0.42462	2.3550	603.45	838.96	7.8800	0.82370	1.1206	566.15	-0.38130	3.5727e-05	0.054818	vapor
530.00	0.10000	0.41934	2.3847	611.70	850.17	7.8940	0.82611	1.1230	569.48	-0.39524	3.6025e-05	0.055371	vapor
540.00	0.10000	0.41418	2.4144	619.98	861.42	7.9079	0.82851	1.1254	572.80	-0.40870	3.6322e-05	0.055924	vapor
550.00	0.10000	0.40915	2.4441	628.27	872.68	7.9217	0.83091	1.1278	576.09	-0.42170	3.6616e-05	0.056475	vapor
560.00	0.10000	0.40424	2.4738	636.59	883.97	7.9353	0.83329	1.1302	579.35	-0.43426	3.6909e-05	0.057025	vapor
570.00	0.10000	0.39945	2.5035	644.94	895.29	7.9488	0.83566	1.1326	582.60	-0.44640	3.7201e-05	0.057574	vapor
580.00	0.10000	0.39477	2.5331	653.31	906.62	7.9622	0.83802	1.1349	585.83	-0.45813	3.7491e-05	0.058121	vapor
590.00	0.10000	0.39019	2.5628	661.70	917.98	7.9754	0.84036	1.1373	589.03	-0.46948	3.7780e-05	0.058667	vapor
600.00	0.10000	0.38573	2.5925	670.12	929.37	7.9886	0.84268	1.1396	592.22	-0.48046	3.8067e-05	0.059211	vapor
610.00	0.10000	0.38136	2.6222	678.56	940.78	8.0015	0.84499	1.1419	595.39	-0.49109	3.8353e-05	0.059754	vapor
620.00	0.10000	0.37709	2.6519	687.02	952.21	8.0144	0.84728	1.1442	598.54	-0.50137	3.8637e-05	0.060296	vapor
630.00	0.10000	0.37292	2.6816	695.50	963.66	8.0272	0.84955	1.1464	601.67	-0.51133	3.8921e-05	0.060836	vapor
640.00	0.10000	0.36883	2.7113	704.01	975.14	8.0398	0.85181	1.1487	604.78	-0.52097	3.9202e-05	0.061375	vapor
650.00	0.10000	0.36484	2.7409	712.54	986.63	8.0523	0.85404	1.1509	607.87	-0.53031	3.9483e-05	0.061912	vapor
660.00	0.10000	0.36093	2.7706	721.09	998.15	8.0647	0.85626	1.1531	610.95	-0.53936	3.9762e-05	0.062448	vapor
670.00	0.10000	0.35710	2.8003	729.67	1009.7	8.0770	0.85845	1.1553	614.01	-0.54814	4.0040e-05	0.062982	vapor
680.00	0.10000	0.35336	2.8300	738.26	1021.3	8.0892	0.86063	1.1575	617.06	-0.55665	4.0317e-05	0.063515	vapor
690.00	0.10000	0.34969	2.8597	746.88	1032.8	8.1013	0.86278	1.1597	620.08	-0.56490	4.0592e-05	0.064046	vapor
700.00	0.10000	0.34610	2.8894	755.52	1044.5	8.1133	0.86491	1.1618	623.10	-0.57290	4.0866e-05	0.064576	vapor
710.00	0.10000	0.34258	2.9190	764.18	1056.1	8.1252	0.86702	1.1639	626.09	-0.58067	4.1140e-05	0.065104	vapor
720.00	0.10000	0.33913	2.9487	772.86	1067.7	8.1370	0.86910	1.1660	629.07	-0.58821	4.1412e-05	0.065631	vapor
730.00	0.10000	0.33575	2.9784	781.56	1079.4	8.1487	0.87117	1.1680	632.04	-0.59553	4.1682e-05	0.066156	vapor
740.00	0.10000	0.33244	3.0081	790.28	1091.1	8.1603	0.87321	1.1701	634.99	-0.60263	4.1952e-05	0.066679	vapor
750.00	0.10000	0.32919	3.0378	799.02	1102.8	8.1718	0.87523	1.1721	637.93	-0.60954	4.2221e-05	0.067201	vapor
760.00	0.10000	0.32600	3.0675	807.79	1114.5	8.1832	0.87723	1.1741	640.85	-0.61624	4.2489e-05	0.067722	vapor
770.00	0.10000	0.32288	3.0971	816.57	1126.3	8.1945	0.87920	1.1761	643.76	-0.62276	4.2755e-05	0.068240	vapor
780.00	0.10000	0.31981	3.1268	825.37	1138.1	8.2057	0.88115	1.1780	646.66	-0.62910	4.3021e-05	0.068757	vapor
790.00	0.10000	0.31681	3.1565	834.19	1149.8	8.2169	0.88308	1.1799	649.54	-0.63526	4.3285e-05	0.069273	vapor
800.00	0.10000	0.31385	3.1862	843.03	1161.7	8.2279	0.88498	1.1818	652.41	-0.64125	4.3549e-05	0.069787	vapor
810.00	0.10000	0.31096	3.2159	851.89	1173.5	8.2389	0.88687	1.1837	655.26	-0.64708	4.3811e-05	0.070300	vapor
820.00	0.10000	0.30811	3.2456	860.77	1185.3	8.2498	0.88873	1.1856	658.11	-0.65275	4.4073e-05	0.070811	vapor
830.00	0.10000	0.30532	3.2752	869.67	1197.2	8.2606	0.89056	1.1874	660.94	-0.65826	4.4333e-05	0.071320	vapor
840.00	0.10000	0.30258	3.3049	878.58	1209.1	8.2713	0.89238	1.1892	663.76	-0.66364	4.4593e-05	0.071828	vapor
850.00	0.10000	0.29988	3.3346	887.52	1221.0	8.2820	0.89417	1.1910	666.56	-0.66886	4.4852e-05	0.072334	vapor
860.00	0.10000	0.29724	3.3643	896.47	1232.9	8.2925	0.89594	1.1928	669.36	-0.67396	4.5110e-05	0.072839	vapor
870.00	0.10000	0.29464	3.3940	905.44	1244.8	8.3030	0.89768	1.1945	672.14	-0.67892	4.5367e-05	0.073342	vapor
880.00	0.10000	0.29208	3.4237	914.42	1256.8	8.3134	0.89941	1.1963	674.91	-0.68375	4.5623e-05	0.073843	vapor
890.00	0.10000	0.28957	3.4533	923.42	1268.8	8.3238	0.90111	1.1980	677.67	-0.68846	4.5878e-05	0.074344	vapor
900.00	0.10000	0.28711	3.4830	932.44	1280.7	8.3340	0.90279	1.1996	680.42	-0.69305	4.6133e-05	0.074842	vapor
910.00	0.10000	0.28468	3.5127	941.48	1292.8	8.3442	0.90445	1.2013	683.16	-0.69752	4.6386e-05	0.075339	vapor
920.00	0.10000	0.28230	3.5424	950.53	1304.8	8.3543	0.90609	1.2029	685.88	-0.70188	4.6639e-05	0.075835	vapor
930.00	0.10000	0.27995	3.5721	959.60	1316.8	8.3644	0.90771	1.2045	688.60	-0.70613	4.6891e-05	0.076329	vapor
940.00	0.10000	0.27764	3.6018	968.69	1328.9	8.3744	0.90930	1.2061	691.30	-0.71028	4.7142e-05	0.076821	vapor
950.00	0.10000	0.27537	3.6314	977.79	1340.9	8.3843	0.91088	1.2077	694.00	-0.71433	4.7393e-05	0.077312	vapor
960.00	0.10000	0.27314	3.6611	986.91	1353.0	8.3941	0.91243	1.2093	696.68	-0.71828	4.7642e-05	0.077802	vapor
970.00	0.10000	0.27094	3.6908	996.04	1365.1	8.4039	0.91396	1.2108	699.35	-0.72213	4.7891e-05	0.078290	vapor
980.00	0.10000	0.26878	3.7205	1005.2	1377.2	8.4136	0.91548	1.2123	702.02	-0.72589	4.8139e-05	0.078777	vapor
990.00	0.10000	0.26665	3.7502	1014.3	1389.4	8.4232	0.91697	1.2138	704.67	-0.72956	4.8387e-05	0.079262	vapor
1000.0	0.10000	0.26456	3.7798	1023.5	1401.5	8.4328	0.91845	1.2153	707.31	-0.73315	4.8633e-05	0.079746	vapor
1010.0	0.10000	0.26250	3.8095	1032.7	1413.7	8.4423	0.91990	1.2167	709.95	-0.73665	4.8879e-05	0.080228	vapor
1020.0	0.10000	0.26047	3.8392	1041.9	1425.8	8.4518	0.92133	1.2182	712.57	-0.74007	4.9124e-05	0.080709	vapor
1030.0	0.10000	0.25847	3.8689	1051.1	1438.0	8.4612	0.92275	1.2196	715.18	-0.74341	4.9369e-05	0.081189	vapor
1040.0	0.10000	0.25650	3.8986	1060.4	1450.2	8.4705	0.92415	1.2210	717.79	-0.74667	4.9613e-05	0.081667	vapor
1050.0	0.10000	0.25457	3.9283	1069.6	1462.5	8.4798	0.92552	1.2224	720.39	-0.74986	4.9856e-05	0.082144	vapor
1060.0	0.10000	0.25266	3.9579	1078.9	1474.7	8.4890	0.92688	1.2237	722.97	-0.75298	5.0099e-05	0.082619	vapor
1070.0	0.10000	0.25078	3.9876	1088.2	1486.9	8.4981	0.92823	1.2251	725.55	-0.75602	5.0340e-05	0.083093	vapor
1080.0	0.10000	0.24892	4.0173	1097.5	1499.2	8.5072	0.92955	1.2264	728.12	-0.75900	5.0582e-05	0.083566	vapor
1090.0	0.10000	0.24710	4.0470	1106.8	1511.5	8.5162	0.93086	1.2277	730.68	-0.76192	5.0822e-05	0.084037	vapor
1100.0	0.10000	0.24530	4.0767	1116.1	1523.7	8.5252	0.93215	1.2290	733.23	-0.76476	5.1062e-05	0.084508	vapor
1110.0	0.10000	0.24353	4.1063	1125.4	1536.0	8.5341	0.93342	1.2302	735.77	-0.76755	5.1302e-05	0.084976	vapor
1120.0	0.10000	0.24178	4.1360	1134.7	1548.3	8.5430	0.93467	1.2315	738.31	-0.77027	5.1540e-05	0.085444	vapor
1130.0	0.10000	0.24006	4.1657	1144.1	1560.7	8.5518	0.93591	1.2327	740.83	-0.77294	5.1779e-05	0.085910	vapor
1140.0	0.10000	0.23836	4.1954	1153.5	1573.0	8.5606	0.93713	1.2340	743.35	-0.77555	5.2016e-05	0.086375	vapor
1150.0	0.10000	0.23668	4.2251	1162.8	1585.3	8.5693	0.93834	1.2352	745.86	-0.77810	5.2253e-05	0.086839	vapor
1160.0	0.10000	0.23503	4.2548	1172.2	1597.7	8.5779	0.93953	1.2364	748.36	-0.78060	5.2490e-05	0.087301	vapor
1170.0	0.10000	0.23340	4.2844	1181.6	1610.1	8.5865	0.94070	1.2375	750.85	-0.78304	5.2726e-05	0.087762	vapor
1180.0	0.10000	0.23180	4.3141	1191.0	1622.5	8.5951	0.94186	1.2387	753.34	-0.78544	5.2961e-05	0.088222	vapor
1190.0	0.10000	0.23021	4.3438	1200.5	1634.8	8.6036	0.94300	1.2398	755.81	-0.78778	5.3196e-05	0.088681	vapor
1200.0	0.10000	0.22865	4.3735	1209.9	1647.2	8.6120	0.94413	1.2410	758.28	-0.79007	5.3430e-05	0.089138	vapor
1210.0	0.10000	0.22711	4.4032	1219.3	1659.7	8.6204	0.94525	1.2421	760.74	-0.79232	5.3664e-05	0.089595	vapor
1220.0	0.10000	0.22559	4.4328	1228.8	1672.1	8.6288	0.94634	1.2432	763.20	-0.79452	5.3897e-05	0.090050	vapor
1230.0	0.10000	0.22409	4.4625	1238.3	1684.5	8.6371	0.94743	1.2442	765.64	-0.79668	5.4129e-05	0.090504	vapor
1240.0	0.10000	0.22261	4.4922	1247.8	1697.0	8.6453	0.94850	1.2453	768.08	-0.79879	5.4361e-05	0.090957	vapor
1250.0	0.10000	0.22115	4.5219	1257.2	1709.4	8.6536	0.94956	1.2464	770.51	-0.80086	5.4593e-05	0.091409	vapor
1260.0	0.10000	0.21970	4.5516	1266.7	1721.9	8.6617	0.95060	1.2474	772.93	-0.80288	5.4824e-05	0.091859	vapor
1270.0	0.10000	0.21828	4.5812	1276.3	1734.4	8.6698	0.95163	1.2484	775.35	-0.80487	5.5055e-05	0.092309	vapor
1280.0	0.10000	0.21688	4.6109	1285.8	1746.9	8.6779	0.95264	1.2495	777.76	-0.80681	5.5285e-05	0.092757	vapor
1290.0	0.10000	0.21549	4.6406	1295.3	1759.4	8.6859	0.95365	1.2505	780.16	-0.80872	5.5515e-05	0.093204	vapor
1300.0	0.10000	0.21412	4.6703	1304.8	1771.9	8.6939	0.95463	1.2515	782.55	-0.81059	5.5744e-05	0.093650	vapor
1310.0	0.10000	0.21277	4.7000	1314.4	1784.4	8.7018	0.95561	1.2524	784.94	-0.81242	5.5973e-05	0.094096	vapor
1320.0	0.10000	0.21143	4.7297	1324.0	1796.9	8.7097	0.95658	1.2534	787.32	-0.81422	5.6201e-05	0.094540	vapor
1330.0	0.10000	0.21011	4.7593	1333.5	1809.5	8.7176	0.95753	1.2543	789.69	-0.81598	5.6429e-05	0.094983	vapor
1340.0	0.10000	0.20881	4.7890	1343.1	1822.0	8.7254	0.95847	1.2553	792.06	-0.81771	5.6656e-05	0.095425	vapor
1350.0	0.10000	0.20753	4.8187	1352.7	1834.6	8.7331	0.95940	1.2562	794.42	-0.81940	5.6883e-05	0.095866	vapor
1360.0	0.10000	0.20625	4.8484	1362.3	1847.1	8.7408	0.96031	1.2571	796.77	-0.82106	5.7110e-05	0.096306	vapor
1370.0	0.10000	0.20500	4.8781	1371.9	1859.7	8.7485	0.96122	1.2580	799.11	-0.82269	5.7336e-05	0.096745	vapor
1380.0	0.10000	0.20376	4.9077	1381.5	1872.3	8.7562	0.96211	1.2589	801.45	-0.82429	5.7561e-05	0.097183	vapor
1390.0	0.10000	0.20253	4.9374	1391.2	1884.9	8.7638	0.96299	1.2598	803.79	-0.82586	5.7786e-05	0.097620	vapor
1400.0	0.10000	0.20132	4.9671	1400.8	1897.5	8.7713	0.96386	1.2607	806.11	-0.82740	5.8011e-05	0.098056	vapor
1410.0	0.10000	0.20013	4.9968	1410.4	1910.1	8.7788	0.96472	1.2615	808.43	-0.82890	5.8236e-05	0.098491	vapor
1420.0	0.10000	0.19895	5.0265	1420.1	1922.7	8.7863	0.96557	1.2624	810.74	-0.83038	5.8460e-05	0.098925	vapor
1430.0	0.10000	0.19778	5.0561	1429.7	1935.4	8.7937	0.96641	1.2632	813.05	-0.83184	5.8683e-05	0.099358	vapor
1440.0	0.10000	0.19662	5.0858	1439.4	1948.0	8.8011	0.96724	1.2641	815.35	-0.83326	5.8906e-05	0.099790	vapor
1450.0	0.10000	0.19548	5.1155	1449.1	1960.6	8.8085	0.96806	1.2649	817.64	-0.83466	5.9129e-05	0.10022	vapor
1460.0	0.10000	0.19436	5.1452	1458.8	1973.3	8.8158	0.96887	1.2657	819.93	-0.83603	5.9352e-05	0.10065	vapor
1470.0	0.10000	0.19324	5.1749	1468.5	1985.9	8.8231	0.96967	1.2665	822.21	-0.83738	5.9574e-05	0.10108	vapor
1480.0	0.10000	0.19214	5.2045	1478.2	1998.6	8.8303	0.97046	1.2673	824.49	-0.83870	5.9795e-05	0.10151	vapor
1490.0	0.10000	0.19105	5.2342	1487.9	2011.3	8.8376	0.97124	1.2680	826.76	-0.84000	6.0017e-05	0.10194	vapor
1500.0	0.10000	0.18997	5.2639	1497.6	2024.0	8.8447	0.97201	1.2688	829.02	-0.84127	6.0238e-05	0.10236	vapor
1510.0	0.10000	0.18891	5.2936	1507.3	2036.7	8.8519	0.97277	1.2696	831.28	-0.84252	6.0458e-05	0.10279	vapor
1520.0	0.10000	0.18785	5.3233	1517.0	2049.4	8.8590	0.97352	1.2703	833.53	-0.84375	6.0679e-05	0.10322	vapor
1530.0	0.10000	0.18681	5.3530	1526.8	2062.1	8.8660	0.97426	1.2711	835.78	-0.84496	6.0899e-05	0.10364	vapor
1540.0	0.10000	0.18578	5.3826	1536.5	2074.8	8.8731	0.97499	1.2718	838.02	-0.84614	6.1118e-05	0.10406	vapor
1550.0	0.10000	0.18476	5.4123	1546.3	2087.5	8.8801	0.97572	1.2725	840.25	-0.84730	6.1337e-05	0.10449	vapor
1560.0	0.10000	0.18376	5.4420	1556.0	2100.2	8.8870	0.97644	1.2732	842.48	-0.84844	6.1556e-05	0.10491	vapor
1570.0	0.10000	0.18276	5.4717	1565.8	2113.0	8.8940	0.97714	1.2740	844.70	-0.84956	6.1775e-05	0.10533	vapor
1580.0	0.10000	0.18177	5.5014	1575.6	2125.7	8.9008	0.97784	1.2747	846.92	-0.85066	6.1993e-05	0.10575	vapor
1590.0	0.10000	0.18080	5.5310	1585.4	2138.5	8.9077	0.97854	1.2753	849.13	-0.85174	6.2211e-05	0.10617	vapor
1600.0	0.10000	0.17983	5.5607	1595.2	2151.2	8.9145	0.97922	1.2760	851.33	-0.85281	6.2428e-05	0.10659	vapor
1610.0	0.10000	0.17888	5.5904	1605.0	2164.0	8.9213	0.97990	1.2767	853.53	-0.85385	6.2646e-05	0.10701	vapor
1620.0	0.10000	0.17793	5.6201	1614.8	2176.8	8.9281	0.98056	1.2774	855.73	-0.85487	6.2862e-05	0.10742	vapor
1630.0	0.10000	0.17700	5.6498	1624.6	2189.5	8.9348	0.98122	1.2780	857.92	-0.85588	6.3079e-05	0.10784	vapor
1640.0	0.10000	0.17607	5.6794	1634.4	2202.3	8.9415	0.98188	1.2787	860.10	-0.85687	6.3295e-05	0.10826	vapor
1650.0	0.10000	0.17516	5.7091	1644.2	2215.1	8.9482	0.98252	1.2793	862.28	-0.85784	6.3511e-05	0.10867	vapor
1660.0	0.10000	0.17425	5.7388	1654.0	2227.9	8.9548	0.98316	1.2800	864.45	-0.85879	6.3727e-05	0.10909	vapor
1670.0	0.10000	0.17336	5.7685	1663.9	2240.7	8.9614	0.98379	1.2806	866.62	-0.85972	6.3943e-05	0.10950	vapor
1680.0	0.10000	0.17247	5.7982	1673.7	2253.5	8.9680	0.98441	1.2812	868.78	-0.86064	6.4158e-05	0.10991	vapor
1690.0	0.10000	0.17159	5.8278	1683.6	2266.3	8.9746	0.98503	1.2818	870.94	-0.86155	6.4373e-05	0.11032	vapor
1700.0	0.10000	0.17072	5.8575	1693.4	2279.2	8.9811	0.98564	1.2824	873.09	-0.86244	6.4587e-05	0.11074	vapor
