Nozzle	RPM	PRT	Q	EtaT
0.4	9000	1.025225101	8.01E-03	0.061025
0.4	9000	1.035153631	1.21E-01	0.061025
0.4	9000	1.045132048	1.94E-01	0.404879315
0.4	9000	1.055156275	2.49E-01	0.622587785
0.4	9000	1.06523041	2.92E-01	0.742672085
0.4	9000	1.075350334	3.29E-01	0.811784503
0.4	9000	1.085520186	3.60E-01	0.852058828
0.4	9000	1.095735807	0.388216	0.87505367
0.4	9000	1.106001376	0.413488	0.88725614
0.4	9000	1.116312694	0.436608	0.892506245
0.4	9000	1.12667398	0.457968	0.89318318
0.4	9000	1.140211789	0.483592	0.889660693
0.4	9000	1.157935253	0.513968	0.880651063
0.4	9000	1.181179886	0.54956	0.865178578
0.4	9000	1.211740826	0.59076	0.84280775
0.4	9000	1.252055816	0.637904	0.813777823
0.4	9000	1.305450209	0.691176	0.778985128
0.4	9000	1.376531988	0.75056	0.73983425
0.4	9000	1.471752333	0.815736	0.698008708
0.4	9000	1.600300901	0.885936	0.655238323
0.4	9000	1.775457646	0.959824	0.613085338
0.4	9000	2.016760696	1.035288	0.572803295
0.4	9000	2.35342906	1.109408	0.53525435
0.4	9000	2.829931418	1.178552	0.500839813
0.4	9000	3.515010027	1.238712	0.469438408
0.4	9000	4.516526045	1.28624	0.440385328
0.4	9000	6.00593049	1.318784	0.412564843
0.4	9000	8.25892186	1.33612	0.384620878
0.4	9000	11.72315284	1.340664	0.355131208
0.4	9000	16	1.338344	0.32852678
0.4	10842.1	1.036698658	8.01E-03	0.061025
0.4	10842.1	1.051611281	1.46E-01	0.061025
0.4	10842.1	1.066628332	2.34E-01	0.41341928
0.4	10842.1	1.081751845	2.99E-01	0.62980916
0.4	10842.1	1.096983917	3.51E-01	0.748256248
0.4	10842.1	1.112320372	0.39432	0.81599936
0.4	10842.1	1.127763289	0.431576	0.85524395
0.4	10842.1	1.143314809	0.464504	0.877512245
0.4	10842.1	1.158970668	0.494112	0.889226308
0.4	10842.1	1.174735158	0.521104	0.894176533
0.4	10842.1	1.190603958	0.545952	0.894698015
0.4	10842.1	1.211393001	0.57564	0.891135838
0.4	10842.1	1.238688865	0.610656	0.882269533
0.4	10842.1	1.274627452	0.6514	0.867197255
0.4	10842.1	1.322115928	0.698168	0.845552975
0.4	10842.1	1.385150102	0.751064	0.817633265
0.4	10842.1	1.469290652	0.809944	0.784371943
0.4	10842.1	1.582377821	0.874312	0.747193438
0.4	10842.1	1.735661328	0.943128	0.70776473
0.4	10842.1	1.945520043	1.014744	0.667745083
0.4	10842.1	2.236239105	1.086696	0.628562233
0.4	10842.1	2.644425617	1.155744	0.591242608
0.4	10842.1	3.226194338	1.218104	0.556249258
0.4	10842.1	4.068894123	1.269928	0.523398065
0.4	10842.1	5.310420669	1.308192	0.491858848
0.4	10842.1	7.171185901	1.33156	0.46034168
0.4	10842.1	10.0072261	1.341096	0.427340548
0.4	10842.1	14.3988905	1.340568	0.391203905
0.4	10842.1	16	1.339448	0.380409328
0.4	12684.2	1.050463056	0.008	0.061025
0.4	12684.2	1.07534826	1.92E-01	0.092444045
0.4	12684.2	1.100522687	3.03E-01	0.51343808
0.4	12684.2	1.12599051	0.382704	0.70647701
0.4	12684.2	1.151747508	0.445024	0.803763815
0.4	12684.2	1.17779795	0.496592	0.854615525
0.4	12684.2	1.204137518	0.540808	0.8807558
0.4	12684.2	1.230770579	0.57968	0.892889915
0.4	12684.2	1.257692718	0.614456	0.89673764
0.4	12684.2	1.284908397	0.645984	0.895548043
0.4	12684.2	1.312413107	0.674872	0.891249395
0.4	12684.2	1.348606077	0.709176	0.882913393
0.4	12684.2	1.396393619	0.749304	0.86967347
0.4	12684.2	1.459761738	0.795472	0.851011453
0.4	12684.2	1.544241156	0.847648	0.826924033
0.4	12684.2	1.65761505	0.90544	0.79797128
0.4	12684.2	1.811008073	0.967944	0.765207185
0.4	12684.2	2.020562746	1.033632	0.729997745
0.4	12684.2	2.310132488	1.10024	0.693769595
0.4	12684.2	2.715551339	1.164728	0.657744305
0.4	12684.2	3.291568376	1.22348	0.622681498
0.4	12684.2	4.123153608	1.272784	0.588687013
0.4	12684.2	5.344090969	1.309584	0.555155578
0.4	12684.2	7.167688981	1.332384	0.52091303
0.4	12684.2	9.937865344	1.341944	0.484458868
0.4	12684.2	14.21422707	1.34164	0.44404673
0.4	12684.2	16	1.3404	0.43019492
0.4	14526.3	1.066609742	0.008	0.061025
0.4	14526.3	1.100780771	2.22E-01	0.106147018
0.4	14526.3	1.135490573	3.49E-01	0.525491713
0.4	14526.3	1.170739148	0.438696	0.715194478
0.4	14526.3	1.206526496	0.508752	0.80988269
0.4	14526.3	1.242852618	0.566352	0.858980323
0.4	14526.3	1.279717513	0.61544	0.884020303
0.4	14526.3	1.31712118	0.658336	0.89552489
0.4	14526.3	1.355063621	0.69648	0.899076043
0.4	14526.3	1.393544835	0.730864	0.89782691
0.4	14526.3	1.432564822	0.76216	0.89363741
0.4	14526.3	1.484096515	0.799072	0.885621133
0.4	14526.3	1.552448717	0.841832	0.8729942
0.4	14526.3	1.643606049	0.890432	0.855317818
0.4	14526.3	1.766001788	0.944464	0.832639393
0.4	14526.3	1.931683023	1.003008	0.805536635
0.4	14526.3	2.158172541	1.064504	0.77501723
0.4	14526.3	2.471375788	1.126664	0.742307158
0.4	14526.3	2.910255167	1.186472	0.70855853
0.4	14526.3	3.53439624	1.2404	0.67453538
0.4	14526.3	4.436356463	1.284928	0.640365598
0.4	14526.3	5.761982571	1.317296	0.605458243
0.4	14526.3	7.743998102	1.336344	0.568636948
0.4	14526.3	10.75782273	1.343176	0.52834829
0.4	14526.3	15.41468523	1.341488	0.482655178
0.4	14526.3	16	1.34108	0.47773031
0.4	16368.4	1.085251397	0.008	0.061025
0.4	16368.4	1.148656637	3.14E-01	0.3258896
0.4	16368.4	1.213861877	0.474128	0.692412418
0.4	16368.4	1.280867117	0.582488	0.82561316
0.4	16368.4	1.349672357	0.664784	0.878521033
0.4	16368.4	1.420277597	0.73132	0.897961415
0.4	16368.4	1.473366275	0.773264	0.90180032
0.4	16368.4	1.527431507	0.810688	0.900765073
0.4	16368.4	1.582468393	0.844424	0.89679938
0.4	16368.4	1.638479361	0.875088	0.89107079
0.4	16368.4	1.69546441	0.903152	0.884306953
0.4	16368.4	1.753423541	0.928976	0.876968713
0.4	16368.4	1.830227474	0.95964	0.867042905
0.4	16368.4	1.932530924	0.995336	0.85405766
0.4	16368.4	2.069687927	1.035904	0.837697663
0.4	16368.4	2.255018796	1.080712	0.817893455
0.4	16368.4	2.507830134	1.128496	0.794865538
0.4	16368.4	2.856559698	1.17732	0.76907255
0.4	16368.4	3.343836475	1.224552	0.741044795
0.4	16368.4	4.03463465	1.267104	0.711139483
0.4	16368.4	5.0295777	1.30188	0.679307
0.4	16368.4	6.486760736	1.326496	0.644963023
0.4	16368.4	8.657864881	1.340008	0.6070271
0.4	16368.4	11.94802825	1.343536	0.564002038
0.4	16368.4	16	1.341376	0.522858943
0.4	18210.55	1.106518856	0.008	0.061025
0.4	18210.55	1.170533576	2.97E-01	0.182231645
0.4	18210.55	1.236348296	0.459368	0.587244943
0.4	18210.55	1.303963016	0.57088	0.758419093
0.4	18210.55	1.373377736	0.655752	0.839159578
0.4	18210.55	1.444592456	0.724224	0.878579465
0.4	18210.55	1.514228692	0.779104	0.896516038
0.4	18210.55	1.585501534	0.826488	0.903874123
0.4	18210.55	1.658415962	0.868072	0.905101205
0.4	18210.55	1.732969515	0.904992	0.902692243
0.4	18210.55	1.809162193	0.938096	0.898110253
0.4	18210.55	1.886993995	0.967984	0.892242748
0.4	18210.55	1.990624701	1.0028	0.883577098
0.4	18210.55	2.129486444	1.042384	0.87159182
0.4	18210.55	2.317004553	1.086112	0.855974908
0.4	18210.55	2.572607484	1.132776	0.836692183
0.4	18210.55	2.924883232	1.180456	0.813986195
0.4	18210.55	3.416619528	1.226608	0.788231795
0.4	18210.55	4.112966522	1.268216	0.759700198
0.4	18210.55	5.114703388	1.302264	0.72830651
0.4	18210.55	6.580020174	1.326408	0.693448768
0.4	18210.55	8.760498915	1.339688	0.654016753
0.4	18210.55	12.06083298	1.343192	0.60843389
0.4	18210.55	16	1.341176	0.565428673
0.4	20052.65	1.130560105	0.008	0.061025
0.4	20052.65	1.195256785	2.80E-01	0.061025
0.4	20052.65	1.261753465	0.442696	0.475351115
0.4	20052.65	1.330050145	0.5566	0.677195713
0.4	20052.65	1.400146825	0.643792	0.78323747
0.4	20052.65	1.472043505	0.714176	0.8421242
0.4	20052.65	1.56189006	0.784528	0.880558453
0.4	20052.65	1.654397903	0.843048	0.899324105
0.4	20052.65	1.74956968	0.892896	0.90729518
0.4	20052.65	1.847400174	0.936064	0.909080128
0.4	20052.65	1.947891958	0.973912	0.907225723
0.4	20052.65	2.051047894	1.007408	0.903206008
0.4	20052.65	2.189127385	1.0456	0.896152213
0.4	20052.65	2.375352924	1.08792	0.885498755
0.4	20052.65	2.628811492	1.133224	0.8709215
0.4	20052.65	2.977512449	1.179712	0.852376348
0.4	20052.65	3.463280058	1.224928	0.830012135
0.4	20052.65	4.149625666	1.265976	0.803961163
0.4	20052.65	5.13457019	1.29988	0.77408231
0.4	20052.65	6.571655299	1.32428	0.739764793
0.4	20052.65	8.704618229	1.338088	0.69989288
0.4	20052.65	11.92489412	1.3422	0.652845898
0.4	20052.65	16	1.340368	0.605284048
0.4	21894.75	1.157547899	0.008	0.061025
0.4	21894.75	1.223001539	2.64E-01	0.061025
0.4	21894.75	1.290255179	0.424704	0.361768258
0.4	21894.75	1.359308819	0.54012	0.58671023
0.4	21894.75	1.430162459	0.629224	0.714584795
0.4	21894.75	1.502816099	0.701376	0.79155032
0.4	21894.75	1.617851715	0.790264	0.857471
0.4	21894.75	1.737129272	0.861184	0.890252735
0.4	21894.75	1.860648771	0.919632	0.90599864
0.4	21894.75	1.988410212	0.968872	0.91240196
0.4	21894.75	2.120413595	1.011	0.913457053
0.4	21894.75	2.25665892	1.047464	0.911366713
0.4	21894.75	2.440122044	1.088072	0.905969975
0.4	21894.75	2.689337606	1.131776	0.896651645
0.4	21894.75	3.031432692	1.176904	0.883042385
0.4	21894.75	3.506765588	1.221136	0.864996665
0.4	21894.75	4.176427664	1.261688	0.84243731
0.4	21894.75	5.134416106	1.295648	0.815105233
0.4	21894.75	6.527554888	1.3206	0.782354368
0.4	21894.75	8.588328442	1.335304	0.743054653
0.4	21894.75	11.68932167	1.340352	0.695561158
0.4	21894.75	16	1.33884	0.642270718
0.4	23736.85	1.187681477	0.008	0.061025
0.4	23736.85	1.253969957	2.47E-01	0.061025
0.4	23736.85	1.322058437	0.405896	0.250023268
0.4	23736.85	1.391946917	0.521912	0.490895263
0.4	23736.85	1.463635397	0.612424	0.636674428
0.4	23736.85	1.537123877	0.686072	0.7297133
0.4	23736.85	1.679880394	0.794488	0.828734338
0.4	23736.85	1.828974941	0.877496	0.877560755
0.4	23736.85	1.984407516	0.94376	0.902027435
0.4	23736.85	2.14617812	0.998096	0.91361471
0.4	23736.85	2.314286753	1.043504	0.917981713
0.4	23736.85	2.48873026	1.081944	0.918129448
0.4	23736.85	2.724985467	1.123752	0.914688545
0.4	23736.85	3.048131892	1.167448	0.90694679
0.4	23736.85	3.495284507	1.210928	0.89440916
0.4	23736.85	4.122313001	1.251552	0.876714035
0.4	23736.85	5.014751124	1.28648	0.853445773
0.4	23736.85	6.305537833	1.313168	0.823907593
0.4	23736.85	8.204323334	1.330064	0.786979355
0.4	23736.85	11.04581843	1.337224	0.741039283
0.4	23736.85	15.37026536	1.336824	0.683732435
0.4	23736.85	16	1.336472	0.67623323
0.4	25578.95	1.221186335	0.008	0.061025
0.4	25578.95	1.288390715	2.32E-01	0.061025
0.4	25578.95	1.357395095	0.386696	0.142440215
0.4	25578.95	1.428199475	0.502424	0.392866475
0.4	25578.95	1.500803855	0.593768	0.552526115
0.4	25578.95	1.575208235	0.668576	0.659269063
0.4	25578.95	1.758032024	0.803088	0.800735248
0.4	25578.95	1.950891008	0.900712	0.866924938
0.4	25578.95	2.153785186	0.975536	0.899513735
0.4	25578.95	2.366714559	1.034848	0.915296023
0.4	25578.95	2.589679126	1.082912	0.921990403
0.4	25578.95	2.822678887	1.122456	0.923483188
0.4	25578.95	3.140582965	1.164144	0.920967283
0.4	25578.95	3.579209934	1.206024	0.913611403
0.4	25578.95	4.192276725	1.245624	0.900716563
0.4	25578.95	5.061672034	1.280184	0.881590393
0.4	25578.95	6.314274404	1.307184	0.855351995
0.4	25578.95	8.149477663	1.324896	0.820772083
0.4	25578.95	10.88477343	1.33312	0.776153908
0.4	25578.95	15.03136937	1.333624	0.71907197
0.4	25578.95	16	1.33316	0.707018338
0.4	27421.05	1.258318576	0.008	0.061025
0.4	27421.05	1.326523456	2.17E-01	0.061025
0.4	27421.05	1.396528336	3.67E-01	0.061025
0.4	27421.05	1.468333216	0.482032	0.294998653
0.4	27421.05	1.541938096	0.573632	0.46467671
0.4	27421.05	1.617342976	0.6492	0.582592393
0.4	27421.05	1.842792675	0.809368	0.770083543
0.4	27421.05	2.082950357	0.92	0.854307928
0.4	27421.05	2.337813478	1.00168	0.895373848
0.4	27421.05	2.607378809	1.0644	0.915677488
0.4	27421.05	2.891652636	1.113768	0.924985895
0.4	27421.05	3.19062833	1.153288	0.928038718
0.4	27421.05	3.601284267	1.193696	0.926601058
0.4	27421.05	4.172292379	1.232744	0.919627745
0.4	27421.05	4.977387772	1.267808	0.90611771
0.4	27421.05	6.130130328	1.296304	0.88497617
0.4	27421.05	7.808028661	1.316248	0.854856973
0.4	27421.05	10.29236758	1.326936	0.81401486
0.4	27421.05	14.03420924	1.329424	0.760064023
0.4	27421.05	16	1.328784	0.73447169
0.4	29263.15	1.299362891	0.008	0.061025
0.4	29263.15	1.368656651	2.04E-01	0.061025
0.4	29263.15	1.439750411	3.48E-01	0.061025
0.4	29263.15	1.512644171	0.461088	0.199029335
0.4	29263.15	1.587337931	0.55236	0.375194503
0.4	29263.15	1.663831691	0.62828	0.501752683
0.4	29263.15	1.874637442	0.780344	0.702513523
0.4	29263.15	2.098010299	0.888384	0.80482442
0.4	29263.15	2.333955897	0.969608	0.86138708
0.4	29263.15	2.582468284	1.032864	0.894042028
0.4	29263.15	2.843553729	1.083296	0.91310756
0.4	29263.15	3.117205645	1.124152	0.92393852
0.4	29263.15	3.491748179	1.166512	0.93044327
0.4	29263.15	4.010410765	1.208192	0.931251403
0.4	29263.15	4.738345047	1.246592	0.925081813
0.4	29263.15	5.775360627	1.278992	0.91066001
0.4	29263.15	7.276776003	1.303128	0.886548335
0.4	29263.15	9.487675163	1.317792	0.850986095
0.4	29263.15	12.79965823	1.323416	0.801660245
0.4	29263.15	16	1.323224	0.758437835
0.4	31105.25	1.344653606	0.008	0.061025
0.4	31105.25	1.415129126	1.91E-01	0.061025
0.4	31105.25	1.487404646	3.30E-01	0.061025
0.4	31105.25	1.561480166	0.439872	0.106176785
0.4	31105.25	1.637355686	0.530272	0.2857145
0.4	31105.25	1.715031206	0.606112	0.41850401
0.4	31105.25	2.033176551	0.814768	0.701989835
0.4	31105.25	2.378374671	0.947	0.82272902
0.4	31105.25	2.750628884	1.038384	0.881259643
0.4	31105.25	3.149932788	1.104632	0.911130778
0.4	31105.25	3.57629325	1.154072	0.926026655
0.4	31105.25	4.029702938	1.191664	0.932328545
0.4	31105.25	4.65958418	1.227936	0.93288641
0.4	31105.25	5.546778626	1.260416	0.9260465
0.4	31105.25	6.81563962	1.286672	0.910063558
0.4	31105.25	8.660377894	1.304904	0.882989465
0.4	31105.25	11.38845835	1.314488	0.842495743
0.4	31105.25	15.49252109	1.316504	0.785465623
0.4	31105.25	16	1.316384	0.778762423
0.4	32947.35	1.394555514	0.008	0.061025
0.4	32947.35	1.466310294	1.78E-01	0.061025
0.4	32947.35	1.539865074	3.11E-01	0.061025
0.4	32947.35	1.615219854	0.418608	0.061025
0.4	32947.35	1.692374634	0.507648	0.197494655
0.4	32947.35	1.771329414	0.582992	0.33429506
0.4	32947.35	2.045534969	0.76804	0.609719405
0.4	32947.35	2.339468139	0.892976	0.74838083
0.4	32947.35	2.653126261	0.983096	0.825728923
0.4	32947.35	2.986509335	1.050768	0.87152567
0.4	32947.35	3.339617361	1.10292	0.899416715
0.4	32947.35	3.71245034	1.143824	0.916363243
0.4	32947.35	4.226622016	1.184744	0.928147865
0.4	32947.35	4.944881717	1.223216	0.932822465
0.4	32947.35	5.962841423	1.256568	0.928434515
0.4	32947.35	7.428524683	1.28244	0.912951005
0.4	32947.35	9.574463513	1.299336	0.884109605
0.4	32947.35	12.77070987	1.307192	0.839158475
0.4	32947.35	16	1.308136	0.795292205
0.4	34789.45	1.449488379	0.008	0.061025
0.4	34789.45	1.522625199	1.67E-01	0.061025
0.4	34789.45	1.597562019	2.93E-01	0.061025
0.4	34789.45	1.674298839	0.397488	0.061025
0.4	34789.45	1.752835659	0.484728	0.111469888
0.4	34789.45	1.833172479	0.559184	0.25029779
0.4	34789.45	2.249628015	0.808856	0.623814868
0.4	34789.45	2.70867739	0.957112	0.780030298
0.4	34789.45	3.21031431	1.054368	0.856436855
0.4	34789.45	3.754545652	1.121632	0.89642894
0.4	34789.45	4.341363957	1.169648	0.91723973
0.4	34789.45	4.970777267	1.2046	0.926848018
0.4	34789.45	5.85268347	1.236688	0.929152243
0.4	34789.45	7.106772218	1.263536	0.921772108
0.4	34789.45	8.918943332	1.283184	0.902140993
0.4	34789.45	11.58210376	1.294648	0.867339478
0.4	34789.45	15.56362465	1.29836	0.81367088
0.4	34789.45	16	1.298376	0.807870628
0.4	36631.6	1.509929779	0.008	0.061025
0.4	36631.6	1.584557299	1.56E-01	0.061025
0.4	36631.6	1.660984819	2.76E-01	0.061025
0.4	36631.6	1.739212339	0.376656	0.061025
0.4	36631.6	1.819239859	0.461712	0.061025
0.4	36631.6	1.901067379	0.534928	0.167437198
0.4	36631.6	2.366963788	0.801248	0.58035542
0.4	36631.6	2.883873051	0.955672	0.75347879
0.4	36631.6	3.45179241	1.054952	0.838912618
0.4	36631.6	4.070721866	1.12236	0.884171345
0.4	36631.6	4.740661418	1.169624	0.9080978
0.4	36631.6	5.461611066	1.203432	0.919450243
0.4	36631.6	6.475106212	1.23384	0.92266403
0.4	36631.6	7.92152283	1.258568	0.914974093
0.4	36631.6	10.01968119	1.275872	0.893361785
0.4	36631.6	13.1153709	1.285072	0.854325568
0.4	36631.6	16	1.286984	0.816345545
0.4	38473.7	1.576413336	0.008	0.061025
0.4	38473.7	1.652646516	1.46E-01	0.061025
0.4	38473.7	1.730679696	2.60E-01	0.061025
0.4	38473.7	1.810512876	3.56E-01	0.061025
0.4	38473.7	1.892146056	0.438784	0.061025
0.4	38473.7	1.975579236	0.510432	0.086421088
0.4	38473.7	2.290539983	0.70548	0.413469995
0.4	38473.7	2.628782308	0.838352	0.59553905
0.4	38473.7	2.99031248	0.934232	0.70642409
0.4	38473.7	3.375123797	1.006	0.777962008
0.4	38473.7	3.783223393	1.061072	0.82578956
0.4	38473.7	4.214603703	1.10408	0.85834859
0.4	38473.7	4.810213968	1.146888	0.885671848
0.4	38473.7	5.643332825	1.186896	0.90482999
0.4	38473.7	6.825809391	1.221384	0.912792245
0.4	38473.7	8.531055115	1.248	0.90643082
0.4	38473.7	11.03183082	1.265304	0.882367655
0.4	38473.7	14.76273137	1.273208	0.836537833
0.4	38473.7	16	1.273848	0.820560403
0.4	40315.8	1.649552354	0.008	0.061025
0.4	40315.8	1.727513294	1.36E-01	0.061025
0.4	40315.8	1.807274234	2.44E-01	0.061025
0.4	40315.8	1.888835174	3.36E-01	0.061025
0.4	40315.8	1.972196114	0.416088	0.061025
0.4	40315.8	2.057357054	0.48588	0.061025
0.4	40315.8	2.62291629	0.777832	0.48557129
0.4	40315.8	3.25706842	0.941728	0.689967073
0.4	40315.8	3.959813445	1.044	0.79309823
0.4	40315.8	4.731151365	1.111512	0.848976238
0.4	40315.8	5.571082179	1.157576	0.879270733
0.4	40315.8	6.479605887	1.18964	0.894212915
0.4	40315.8	7.763233643	1.217568	0.89931308
0.4	40315.8	9.605257585	1.23924	0.890963848
0.4	40315.8	12.29276526	1.253192	0.865112428
0.4	40315.8	16	1.258856	0.820361953
0.4	42157.9	1.730040396	0.008	0.061025
0.4	42157.9	1.809858996	1.27E-01	0.061025
0.4	42157.9	1.891477596	2.29E-01	0.061025
0.4	42157.9	1.974896196	3.17E-01	0.061025
0.4	42157.9	2.060114796	0.393736	0.061025
0.4	42157.9	2.147133396	0.461424	0.061025
0.4	42157.9	2.482316838	0.65368	0.26911085
0.4	42157.9	2.841796892	0.787424	0.470041475
0.4	42157.9	3.225576488	0.885152	0.599154148
0.4	42157.9	3.633659439	0.958928	0.68641151
0.4	42157.9	4.066038339	1.015904	0.747372043
0.4	42157.9	4.522721036	1.060656	0.79081826
0.4	42157.9	5.152732021	1.105456	0.829570033
0.4	42157.9	6.033144413	1.147656	0.860058568
0.4	42157.9	7.281432719	1.184432	0.87849347
0.4	42157.9	9.079561059	1.21328	0.88092779
0.4	42157.9	11.71346518	1.232512	0.863116903
0.4	42157.9	15.63835498	1.241616	0.819995923
0.4	42157.9	16	1.241896	0.815595845
0.4	44000	1.818665319	0.008	0.061025
0.4	44000	1.900480059	1.19E-01	0.061025
0.4	44000	1.984094799	2.15E-01	0.061025
0.4	44000	2.069509539	2.98E-01	0.061025
0.4	44000	2.156724279	0.371816	0.061025
0.4	44000	2.245739019	0.4372	0.061025
0.4	44000	2.393942334	0.52896	0.061025
0.4	44000	2.546880851	0.606568	0.163074605
0.4	44000	2.704551281	0.673008	0.271418383
0.4	44000	2.866960104	0.730456	0.360072613
0.4	44000	3.034104129	0.78052	0.433532188
0.4	44000	3.205983357	0.824464	0.495050585
0.4	44000	3.436503996	0.874024	0.561053953
0.4	44000	3.748142464	0.928088	0.628876445
0.4	44000	4.173493526	0.9848	0.695039675
0.4	44000	4.760617789	1.041544	0.755508493
0.4	44000	5.581628327	1.09516	0.806005198
0.4	44000	6.746533513	1.142344	0.842249885
0.4	44000	8.425835647	1.18016	0.860035415
0.4	44000	10.88765713	1.206592	0.855056525
0.4	44000	14.55907045	1.220896	0.822375118
0.4	44000	16	1.222848	0.806106628
0.6	9000	1.025403315	8.01E-03	0.061025
0.6	9000	1.033404399	1.40E-01	0.061025
0.6	9000	1.041438619	2.31E-01	0.280402655
0.6	9000	1.0495019	3.01E-01	0.524082718
0.6	9000	1.057596276	3.57E-01	0.66671204
0.6	9000	1.065721746	0.404848	0.753570298
0.6	9000	1.073878311	0.446168	0.807489163
0.6	9000	1.08206597	0.482824	0.840956653
0.6	9000	1.090284724	0.515872	0.861234935
0.6	9000	1.098534572	0.546064	0.872759368
0.6	9000	1.106815515	0.573904	0.878344633
0.6	9000	1.117627438	0.607232	0.879683068
0.6	9000	1.131761929	0.646648	0.875158408
0.6	9000	1.15026912	0.692688	0.863466395
0.6	9000	1.174553078	0.745832	0.843913558
0.6	9000	1.206500134	0.806488	0.816604633
0.6	9000	1.248674388	0.874904	0.782455798
0.6	9000	1.304582005	0.951176	0.74302709
0.6	9000	1.379093225	1.035096	0.700247885
0.6	9000	1.479052443	1.126016	0.65610158
0.6	9000	1.614226152	1.222672	0.612245233
0.6	9000	1.798785251	1.322936	0.569990818
0.6	9000	2.053646633	1.42356	0.53018285
0.6	9000	2.410197255	1.5198	0.49311239
0.6	9000	2.916362246	1.605224	0.458453098
0.6	9000	3.646442308	1.67156	0.425232568
0.6	9000	4.717349427	1.70924	0.391887455
0.6	9000	6.315370042	1.70956	0.356615173
0.6	9000	8.740667557	1.671056	0.318240455
0.6	9000	12.48146013	1.618024	0.277931953
0.6	9000	16	1.610848	0.253326358
0.6	10842.1	1.037036723	8.01E-03	0.061025
0.6	10842.1	1.049059384	1.68E-01	0.061025
0.6	10842.1	1.061153395	2.78E-01	0.289063895
0.6	10842.1	1.07331672	3.61E-01	0.531659098
0.6	10842.1	1.085549359	0.428544	0.672680975
0.6	10842.1	1.097849215	0.484864	0.758093855
0.6	10842.1	1.110220469	0.533576	0.810872735
0.6	10842.1	1.122661036	0.57664	0.843496813
0.6	10842.1	1.135170917	0.615336	0.86318195
0.6	10842.1	1.147750112	0.650568	0.874316098
0.6	10842.1	1.160396465	0.682952	0.87967094
0.6	10842.1	1.176942917	0.721592	0.880894715
0.6	10842.1	1.198628643	0.767072	0.87644723
0.6	10842.1	1.227114494	0.819896	0.865110223
0.6	10842.1	1.264646439	0.880432	0.846270703
0.6	10842.1	1.314285695	0.948872	0.820099558
0.6	10842.1	1.380241977	1.025136	0.787553758
0.6	10842.1	1.468401074	1.108824	0.750198853
0.6	10842.1	1.587085962	1.199	0.70979774
0.6	10842.1	1.748273662	1.293992	0.668124343
0.6	10842.1	1.969467004	1.391168	0.626690188
0.6	10842.1	2.276712819	1.486584	0.586505165
0.6	10842.1	2.709411469	1.574696	0.54791105
0.6	10842.1	3.328161706	1.648152	0.510467945
0.6	10842.1	4.227588332	1.697968	0.472935538
0.6	10842.1	5.557476205	1.714736	0.433481473
0.6	10842.1	7.557809228	1.69252	0.390393568
0.6	10842.1	10.61703371	1.640224	0.343601263
0.6	10842.1	15.36937934	1.611544	0.297481483
0.6	10842.1	16	1.611528	0.29314094
0.6	12684.2	1.051024788	8.01E-03	0.061025
0.6	12684.2	1.068175993	1.98E-01	0.061025
0.6	12684.2	1.085466008	3.26E-01	0.300370033
0.6	12684.2	1.102892735	0.422736	0.541081063
0.6	12684.2	1.120460356	0.500096	0.679918888
0.6	12684.2	1.138166789	0.564752	0.763495003
0.6	12684.2	1.156009882	0.620432	0.814875913
0.6	12684.2	1.17399392	0.669456	0.846491203
0.6	12684.2	1.192116769	0.713352	0.865485073
0.6	12684.2	1.21037843	0.753152	0.876177118
0.6	12684.2	1.228776684	0.789624	0.881285
0.6	12684.2	1.252904126	0.832944	0.88240514
0.6	12684.2	1.284620495	0.883672	0.878088853
0.6	12684.2	1.326445138	0.942192	0.867214895
0.6	12684.2	1.381816707	1.008656	0.849261785
0.6	12684.2	1.455492648	1.082928	0.824469868
0.6	12684.2	1.554133729	1.164448	0.79372445
0.6	12684.2	1.68720096	1.252072	0.758437835
0.6	12684.2	1.868358201	1.343888	0.720273695
0.6	12684.2	2.117671069	1.436896	0.68077112
0.6	12684.2	2.465113525	1.526728	0.641031508
0.6	12684.2	2.956226319	1.607344	0.601446245
0.6	12684.2	3.661321518	1.67092	0.56152031
0.6	12684.2	4.690577019	1.708256	0.519864553
0.6	12684.2	6.218968614	1.710632	0.474576058
0.6	12684.2	8.52756804	1.675464	0.424306468
0.6	12684.2	12.07242821	1.622496	0.370433908
0.6	12684.2	16	1.611856	0.33189161
0.6	14526.3	1.067485709	8.01E-03	0.061025
0.6	14526.3	1.099830418	2.88E-01	0.066760205
0.6	14526.3	1.132657862	0.45852	0.502067998
0.6	14526.3	1.16596804	0.580288	0.698774945
0.6	14526.3	1.199760953	0.675144	0.79618082
0.6	14526.3	1.2340366	0.753088	0.845993975
0.6	14526.3	1.268794982	0.819424	0.87081566
0.6	14526.3	1.304033815	0.87728	0.8816819
0.6	14526.3	1.339757635	0.928648	0.884432638
0.6	14526.3	1.37596419	0.974864	0.882345605
0.6	14526.3	1.41265348	1.01688	0.877347973
0.6	14526.3	1.461071728	1.066344	0.868364803
0.6	14526.3	1.52523241	1.123568	0.854598988
0.6	14526.3	1.610706186	1.188504	0.835624963
0.6	14526.3	1.725303266	1.260576	0.811516595
0.6	14526.3	1.880164758	1.338536	0.782832853
0.6	14526.3	2.091436592	1.420216	0.750485503
0.6	14526.3	2.38290472	1.502264	0.71546459
0.6	14526.3	2.790226138	1.579824	0.67849556
0.6	14526.3	3.367764512	1.646352	0.63970961
0.6	14526.3	4.19972066	1.693632	0.598397833
0.6	14526.3	5.418420063	1.712656	0.55306634
0.6	14526.3	7.234523746	1.6966	0.50205146
0.6	14526.3	9.987180063	1.649544	0.445088593
0.6	14526.3	14.22765207	1.611624	0.386370545
0.6	14526.3	16	1.611704	0.369382123
0.6	16368.4	1.08655398	0.008	0.061025
0.6	16368.4	1.14999672	0.424352	0.327039508
0.6	16368.4	1.21523946	0.643288	0.69580922
0.6	16368.4	1.2822822	0.791216	0.8234699
0.6	16368.4	1.35112494	0.9032	0.870650285
0.6	16368.4	1.42176768	0.993408	0.885370865
0.6	16368.4	1.471167649	1.046392	0.886495415
0.6	16368.4	1.521413704	1.093888	0.883641043
0.6	16368.4	1.572500952	1.136872	0.87838763
0.6	16368.4	1.624431819	1.176064	0.87170207
0.6	16368.4	1.677206305	1.212016	0.864189635
0.6	16368.4	1.73082441	1.24516	0.856235098
0.6	16368.4	1.801790767	1.284608	0.845631253
0.6	16368.4	1.896178572	1.330624	0.831877565
0.6	16368.4	2.02248218	1.383008	0.814591468
0.6	16368.4	2.192765678	1.440904	0.793576715
0.6	16368.4	2.424423387	1.502512	0.76883882
0.6	16368.4	2.742965316	1.56484	0.740503468
0.6	16368.4	3.186453484	1.623384	0.708621373
0.6	16368.4	3.81264676	1.671984	0.672902578
0.6	16368.4	4.710627478	1.70296	0.63249926
0.6	16368.4	6.019829089	1.708208	0.586059755
0.6	16368.4	7.961488635	1.682728	0.53238785
0.6	16368.4	10.89073921	1.634672	0.472172608
0.6	16368.4	15.3833626	1.610832	0.41144801
0.6	16368.4	16	1.610904	0.405416233
0.6	18210.55	1.108392051	0.008	0.061025
0.6	18210.55	1.172460171	0.3992	0.176570308
0.6	18210.55	1.238328291	0.619872	0.588801673
0.6	18210.55	1.305996411	0.771608	0.75757127
0.6	18210.55	1.375464531	0.886864	0.834222583
0.6	18210.55	1.446732651	0.9796	0.869725288
0.6	18210.55	1.511544844	1.048968	0.883786573
0.6	18210.55	1.577777161	1.10924	0.888754438
0.6	18210.55	1.645429604	1.162392	0.888377383
0.6	18210.55	1.714502172	1.20976	0.884797565
0.6	18210.55	1.784994865	1.252352	0.879289475
0.6	18210.55	1.856907684	1.290896	0.872634785
0.6	18210.55	1.952517156	1.33588	0.863050753
0.6	18210.55	2.080399485	1.387112	0.84993872
0.6	18210.55	2.252706814	1.44372	0.83284115
0.6	18210.55	2.486957386	1.503952	0.811489033
0.6	18210.55	2.808801699	1.564824	0.785762195
0.6	18210.55	3.256465667	1.621904	0.755519518
0.6	18210.55	3.887892707	1.66912	0.720339845
0.6	18210.55	4.792342696	1.698936	0.679291565
0.6	18210.55	6.109404702	1.70344	0.63097781
0.6	18210.55	8.060335499	1.677912	0.57423434
0.6	18210.55	11.00004119	1.630912	0.509986153
0.6	18210.55	15.50355975	1.609208	0.445014725
0.6	18210.55	16	1.609312	0.439796593
0.6	20052.65	1.133185798	0.008	0.061025
0.6	20052.65	1.197956518	0.374064	0.061025
0.6	20052.65	1.264527238	0.593936	0.472740395
0.6	20052.65	1.332897958	0.748312	0.675078913
0.6	20052.65	1.403068678	0.866384	0.7788848
0.6	20052.65	1.475039398	0.961544	0.834963463
0.6	20052.65	1.536774271	1.028968	0.861830285
0.6	20052.65	1.599777221	1.087896	0.87767321
0.6	20052.65	1.66404324	1.14008	0.886421548
0.6	20052.65	1.729574808	1.18676	0.890485363
0.6	20052.65	1.796371923	1.228848	0.891393823
0.6	20052.65	1.864437317	1.267032	0.8901491
0.6	20052.65	1.954812237	1.31172	0.886388473
0.6	20052.65	2.075495473	1.3628	0.879259708
0.6	20052.65	2.237788614	1.41952	0.867992158
0.6	20052.65	2.457902773	1.48028	0.851988268
0.6	20052.65	2.759485769	1.542352	0.83084783
0.6	20052.65	3.177623543	1.601608	0.80425553
0.6	20052.65	3.765287989	1.652336	0.77173619
0.6	20052.65	4.603745262	1.687312	0.73238576
0.6	20052.65	5.819639986	1.698592	0.684816193
0.6	20052.65	7.613068754	1.68036	0.62769236
0.6	20052.65	10.30411284	1.637016	0.5613836
0.6	20052.65	14.41015504	1.606192	0.491499433
0.6	20052.65	16	1.606792	0.472326958
0.6	21894.75	1.16115926	0.008	0.061025
0.6	21894.75	1.22671352	3.50E-01	0.061025
0.6	21894.75	1.29406778	0.566312	0.353318698
0.6	21894.75	1.36322204	0.722016	0.581119453
0.6	21894.75	1.4341763	0.842264	0.708565145
0.6	21894.75	1.50693056	0.939536	0.783948583
0.6	21894.75	1.586322617	1.025544	0.832193983
0.6	21894.75	1.667752702	1.098352	0.861041998
0.6	21894.75	1.751223462	1.161136	0.878035933
0.6	21894.75	1.836729668	1.216016	0.887501998
0.6	21894.75	1.924273901	1.264496	0.892038785
0.6	21894.75	2.013856163	1.307656	0.893276893
0.6	21894.75	2.133361124	1.357144	0.89163086
0.6	21894.75	2.293867761	1.412304	0.886081978
0.6	21894.75	2.511226549	1.471616	0.875705248
0.6	21894.75	2.808500036	1.532488	0.859743253
0.6	21894.75	3.219813939	1.590952	0.837557645
0.6	21894.75	3.796519753	1.64152	0.808435108
0.6	21894.75	4.617229703	1.677192	0.771335983
0.6	21894.75	5.804119362	1.690208	0.724814893
0.6	21894.75	7.549822318	1.674664	0.667494815
0.6	21894.75	10.1618712	1.63396	0.59968886
0.6	21894.75	14.13660738	1.602128	0.52692386
0.6	21894.75	16	1.603176	0.50280998
0.6	23736.85	1.192564466	0.008	0.061025
0.6	23736.85	1.258987226	3.26E-01	0.061025
0.6	23736.85	1.327209986	0.537712	0.234647803
0.6	23736.85	1.397232746	0.693408	0.48005438
0.6	23736.85	1.469055506	0.815024	0.6269603
0.6	23736.85	1.542678266	0.913984	0.71960999
0.6	23736.85	1.644175321	1.022152	0.795689105
0.6	23736.85	1.748905741	1.110496	0.840191518
0.6	23736.85	1.856866804	1.184464	0.866492758
0.6	23736.85	1.968063877	1.247504	0.881724898
0.6	23736.85	2.082494317	1.301928	0.889938523
0.6	23736.85	2.200158124	1.349368	0.893554723
0.6	23736.85	2.357953727	1.402504	0.893788453
0.6	23736.85	2.571257148	1.459976	0.88942586
0.6	23736.85	2.862356423	1.519352	0.879346805
0.6	23736.85	3.264117916	1.576896	0.862540295
0.6	23736.85	3.825842113	1.62736	0.837986518
0.6	23736.85	4.622719303	1.664024	0.804444058
0.6	23736.85	5.771280718	1.679344	0.760359493
0.6	23736.85	7.454729212	1.667272	0.704281933
0.6	23736.85	9.964868532	1.629984	0.636365728
0.6	23736.85	13.77163975	1.596944	0.561801448
0.6	23736.85	16	1.598336	0.531049415
0.6	25578.95	1.227701672	0.008	0.061025
0.6	25578.95	1.295082692	3.03E-01	0.061025
0.6	25578.95	1.364263712	0.508704	0.11951924
0.6	25578.95	1.435244732	0.663104	0.37543154
0.6	25578.95	1.508025752	0.785232	0.537387688
0.6	25578.95	1.582606772	0.885328	0.644782213
0.6	25578.95	1.711939345	1.019664	0.75549857
0.6	25578.95	1.846351028	1.125024	0.817768873
0.6	25578.95	1.98584464	1.210416	0.853851493
0.6	25578.95	2.130414645	1.28116	0.87472733
0.6	25578.95	2.28006376	1.340688	0.88627712
0.6	25578.95	2.434795107	1.391304	0.89185577
0.6	25578.95	2.643534551	1.44644	0.893387143
0.6	25578.95	2.927733168	1.503888	0.889429168
0.6	25578.95	3.318875081	1.560152	0.878589388
0.6	25578.95	3.864015804	1.610288	0.85948637
0.6	25578.95	4.634633952	1.647888	0.83060528
0.6	25578.95	5.741122692	1.665656	0.7902185
0.6	25578.95	7.356468223	1.657432	0.736746148
0.6	25578.95	9.755402676	1.624168	0.670119868
0.6	25578.95	13.37928869	1.59072	0.595035208
0.6	25578.95	16	1.592112	0.55685012
0.6	27421.05	1.266910076	0.008	0.061025
0.6	27421.05	1.335344336	2.82E-01	0.061025
0.6	27421.05	1.405578596	0.479736	0.061025
0.6	27421.05	1.477612856	0.631664	0.270021515
0.6	27421.05	1.551447116	0.753424	0.442725935
0.6	27421.05	1.627081376	0.85404	0.562092508
0.6	27421.05	1.81686676	1.039472	0.72985883
0.6	27421.05	2.017115744	1.1736	0.812275115
0.6	27421.05	2.227833864	1.275656	0.854985965
0.6	27421.05	2.449015294	1.355688	0.876986353
0.6	27421.05	2.680666151	1.4196	0.887245115
0.6	27421.05	2.922780029	1.471168	0.890402675
0.6	27421.05	3.253178574	1.523896	0.887982688
0.6	27421.05	3.709140884	1.573944	0.878245408
0.6	27421.05	4.346578674	1.616	0.8593673
0.6	27421.05	5.250775183	1.643504	0.829391428
0.6	27421.05	6.553866243	1.649656	0.786349828
0.6	27421.05	8.463595919	1.63068	0.729002188
0.6	27421.05	11.31079138	1.594928	0.658885393
0.6	27421.05	15.628233	1.583864	0.584786368
0.6	27421.05	16	1.58436	0.580012543
0.6	29263.15	1.310592226	0.008	0.061025
0.6	29263.15	1.380180886	2.62E-01	0.061025
0.6	29263.15	1.451569546	0.451128	0.061025
0.6	29263.15	1.524758206	0.599568	0.165910235
0.6	29263.15	1.599746866	0.720112	0.3453818
0.6	29263.15	1.676535526	0.820608	0.473892508
0.6	29263.15	1.84156299	0.984952	0.644170325
0.6	29263.15	2.014338687	1.109224	0.741685348
0.6	29263.15	2.194860028	1.206856	0.800488288
0.6	29263.15	2.383127013	1.28548	0.836892838
0.6	29263.15	2.579136429	1.349848	0.859484165
0.6	29263.15	2.782894576	1.40312	0.873109963
0.6	29263.15	3.059357806	1.45932	0.88204352
0.6	29263.15	3.438332067	1.51528	0.884211035
0.6	29263.15	3.964069054	1.566424	0.877494605
0.6	29263.15	4.703415838	1.60676	0.859722305
0.6	29263.15	5.759030441	1.629352	0.828680315
0.6	29263.15	7.290966632	1.628048	0.782435953
0.6	29263.15	9.552259593	1.60256	0.720565858
0.6	29263.15	12.94787804	1.572552	0.647174638
0.6	29263.15	16	1.574928	0.600342643
0.6	31105.25	1.359203891	0.008	0.061025
0.6	31105.25	1.430054831	2.43E-01	0.061025
0.6	31105.25	1.502705771	0.423144	0.061025
0.6	31105.25	1.577156711	0.567216	0.064620252
0.6	31105.25	1.653407651	0.685752	0.247313323
0.6	31105.25	1.731458591	0.785472	0.382232863
0.6	31105.25	1.98849764	1.018528	0.632484928
0.6	31105.25	2.263318651	1.176968	0.75285698
0.6	31105.25	2.555918428	1.291432	0.815824063
0.6	31105.25	2.866303176	1.376912	0.849536308
0.6	31105.25	3.194469887	1.441824	0.866747435
0.6	31105.25	3.540414797	1.491408	0.873903763
0.6	31105.25	4.016729456	1.53856	0.873807845
0.6	31105.25	4.680866388	1.5782	0.863957008
0.6	31105.25	5.620171076	1.604128	0.841760375
0.6	31105.25	6.96957888	1.610128	0.80482442
0.6	31105.25	8.940668109	1.593536	0.751830553
0.6	31105.25	11.86955463	1.564856	0.684804065
0.6	31105.25	16	1.56368	0.61764197
0.6	32947.35	1.413285859	0.008	0.061025
0.6	32947.35	1.485514879	2.25E-01	0.061025
0.6	32947.35	1.559543899	0.395936	0.061025
0.6	32947.35	1.635372919	0.534928	0.061025
0.6	32947.35	1.713001939	0.650744	0.150073925
0.6	32947.35	1.792430959	0.749072	0.288859933
0.6	32947.35	1.99430884	0.937784	0.513377443
0.6	32947.35	2.20695685	1.077064	0.644612428
0.6	32947.35	2.430374989	1.184056	0.726041975
0.6	32947.35	2.664563258	1.26836	0.778403008
0.6	32947.35	2.909525067	1.335872	0.812615788
0.6	32947.35	3.165253741	1.390456	0.834871955
0.6	32947.35	3.513802736	1.446408	0.851880223
0.6	32947.35	3.994126158	1.499792	0.860873315
0.6	32947.35	4.664537341	1.545264	0.85896158
0.6	32947.35	5.61379099	1.57636	0.843255365
0.6	32947.35	6.979160076	1.586736	0.811168205
0.6	32947.35	8.976117864	1.57376	0.761345128
0.6	32947.35	11.94728856	1.54848	0.696059488
0.6	32947.35	16	1.550448	0.631715383
0.6	34789.45	1.4734561	0.008	0.061025
0.6	34789.45	1.5471877	2.08E-01	0.061025
0.6	34789.45	1.6227193	3.70E-01	0.061025
0.6	34789.45	1.7000509	0.502976	0.061025
0.6	34789.45	1.7791825	0.615432	0.061025
0.6	34789.45	1.8601141	0.711792	0.1952213
0.6	34789.45	2.187124505	0.982408	0.519438988
0.6	34789.45	2.540600093	1.158488	0.675833023
0.6	34789.45	2.920540864	1.280696	0.75905744
0.6	34789.45	3.326946816	1.368264	0.804973258
0.6	34789.45	3.759821829	1.431792	0.829664848
0.6	34789.45	4.219158375	1.477784	0.84126425
0.6	34789.45	4.855861774	1.518248	0.843964273
0.6	34789.45	5.750442368	1.547576	0.834579793
0.6	34789.45	7.026401342	1.559912	0.810106498
0.6	34789.45	8.876121236	1.552152	0.768575323
0.6	34789.45	11.60350646	1.531824	0.71106782
0.6	34789.45	15.69455187	1.534104	0.646101905
0.6	34789.45	16	1.535104	0.642365533
0.6	36631.6	1.540440911	0.008	0.061025
0.6	36631.6	1.615809611	1.93E-01	0.061025
0.6	36631.6	1.692978311	3.44E-01	0.061025
0.6	36631.6	1.771947011	0.471568	0.061025
0.6	36631.6	1.852715711	0.58012	0.061025
0.6	36631.6	1.935284411	0.673976	0.10250546
0.6	36631.6	2.167525952	0.874432	0.363333808
0.6	36631.6	2.412921076	1.021688	0.522062938
0.6	36631.6	2.671472567	1.133968	0.62441132
0.6	36631.6	2.943180425	1.221624	0.692896415
0.6	36631.6	3.228044649	1.291064	0.73968872
0.6	36631.6	3.52606524	1.346544	0.771860773
0.6	36631.6	3.933161568	1.402528	0.798780515
0.6	36631.6	4.495625444	1.454672	0.817012558
0.6	36631.6	5.28301031	1.497304	0.822948418
0.6	36631.6	6.401542636	1.524104	0.813109708
0.6	36631.6	8.016078488	1.530032	0.78476774
0.6	36631.6	10.38613045	1.51692	0.73747049
0.6	36631.6	13.92544309	1.5088	0.676483498
0.6	36631.6	16	1.517488	0.649396175
0.6	38473.7	1.615095306	0.008	0.061025
0.6	38473.7	1.692247146	1.78E-01	0.061025
0.6	38473.7	1.771198986	3.20E-01	0.061025
0.6	38473.7	1.851950826	0.440856	0.061025
0.6	38473.7	1.934502666	0.545064	0.061025
0.6	38473.7	2.018854506	0.635944	0.061025
0.6	38473.7	2.420806139	0.933736	0.395068168
0.6	38473.7	2.859220592	1.12184	0.583183333
0.6	38473.7	3.334104358	1.248392	0.685391698
0.6	38473.7	3.845454326	1.335992	0.743232155
0.6	38473.7	4.393270496	1.396984	0.775490203
0.6	38473.7	4.977552868	1.438952	0.79180169
0.6	38473.7	5.791636923	1.473128	0.797837878
0.6	38473.7	6.942076188	1.494096	0.789973745
0.6	38473.7	8.593358062	1.497976	0.765308615
0.6	38473.7	11.00316568	1.488104	0.723298955
0.6	38473.7	14.5806215	1.49048	0.66926102
0.6	38473.7	16	1.497456	0.652609963
0.6	40315.8	1.698413646	0.008	0.061025
0.6	40315.8	1.777507566	1.64E-01	0.061025
0.6	40315.8	1.858401486	2.97E-01	0.061025
0.6	40315.8	1.941095406	0.410968	0.061025
0.6	40315.8	2.025589326	0.510464	0.061025
0.6	40315.8	2.111883246	0.59796	0.061025
0.6	40315.8	2.345529006	0.7834	0.180811625
0.6	40315.8	2.591430283	0.924232	0.351462088
0.6	40315.8	2.849590453	1.034216	0.469709623
0.6	40315.8	3.120002921	1.121728	0.554211838
0.6	40315.8	3.402670905	1.192216	0.615865843
0.6	40315.8	3.697598251	1.24944	0.66141122
0.6	40315.8	4.099321004	1.308296	0.703530028
0.6	40315.8	4.652528209	1.364712	0.738316108
0.6	40315.8	5.424026734	1.413296	0.761514913
0.6	40315.8	6.515409401	1.447936	0.768932533
0.6	40315.8	8.083672512	1.463584	0.757140193
0.6	40315.8	10.37499561	1.461288	0.724958218
0.6	40315.8	13.78058475	1.46188	0.676707305
0.6	40315.8	16	1.474856	0.651809548
0.6	42157.9	1.791574219	0.008	0.061025
0.6	42157.9	1.872784039	1.51E-01	0.061025
0.6	42157.9	1.955793859	2.75E-01	0.061025
0.6	42157.9	2.040603679	0.382008	0.061025
0.6	42157.9	2.127213499	0.476512	0.061025
0.6	42157.9	2.215623319	0.56028	0.061025
0.6	42157.9	2.700622229	0.875104	0.263782468
0.6	42157.9	3.233587976	1.070168	0.477786538
0.6	42157.9	3.814513674	1.198328	0.596722033
0.6	42157.9	4.443406828	1.28452	0.665617258
0.6	42157.9	5.120259314	1.342472	0.705238903
0.6	42157.9	5.845079876	1.38064	0.726455413
0.6	42157.9	6.859045764	1.409784	0.736521238
0.6	42157.9	8.29839216	1.425664	0.731705518
0.6	42157.9	10.37433209	1.428328	0.709812073
0.6	42157.9	13.41916612	1.432368	0.672807763
0.6	42157.9	16	1.449552	0.64680089
0.6	44000	1.895974779	0.008	0.061025
0.6	44000	1.979491419	1.39E-01	0.061025
0.6	44000	2.064808059	2.53E-01	0.061025
0.6	44000	2.151924699	3.54E-01	0.061025
0.6	44000	2.240841339	0.443336	0.061025
0.6	44000	2.331557979	0.523088	0.061025
0.6	44000	2.471360067	0.628128	0.061025
0.6	44000	2.61523234	0.718472	0.061025
0.6	44000	2.763178123	0.796872	0.139385188
0.6	44000	2.915190856	0.865392	0.224478343
0.6	44000	3.071273775	0.925624	0.295745045
0.6	44000	3.231426879	0.978824	0.35591288
0.6	44000	3.445712325	1.039088	0.420879898
0.6	44000	3.73456398	1.104968	0.487918513
0.6	44000	4.127451382	1.173784	0.553261483
0.6	44000	4.66757877	1.241416	0.612303665
0.6	44000	5.419379138	1.3024	0.659970253
0.6	44000	6.480608856	1.350464	0.691221718
0.6	44000	8.001968001	1.38016	0.70182005
0.6	44000	10.21933204	1.391416	0.689775238
0.6	44000	13.50680103	1.401808	0.658384858
0.6	44000	16	1.421376	0.63738554
0.8	9000	1.028049989	8.01E-03	0.061025
0.8	9000	1.040695821	2.23E-01	0.061025
0.8	9000	1.053418955	3.62E-01	0.410670748
0.8	9000	1.066219391	0.465712	0.62120084
0.8	9000	1.07909713	0.549376	0.727452073
0.8	9000	1.09205008	0.62	0.782828443
0.8	9000	1.10508241	0.681512	0.811080005
0.8	9000	1.118192043	0.736264	0.823964923
0.8	9000	1.131378978	0.785784	0.827781778
0.8	9000	1.144643214	0.831112	0.826101568
0.8	9000	1.157984753	0.873	0.821047708
0.8	9000	1.175441936	0.923184	0.811517698
0.8	9000	1.198335249	0.982536	0.79657331
0.8	9000	1.228424206	1.051744	0.775666603
0.8	9000	1.268098958	1.131248	0.74880419
0.8	9000	1.320619269	1.221104	0.71660678
0.8	9000	1.390486698	1.320784	0.680220973
0.8	9000	1.484008804	1.428912	0.641087735
0.8	9000	1.610137664	1.542872	0.600321695
0.8	9000	1.781792486	1.65836	0.559003303
0.8	9000	2.017939574	1.768928	0.517915333
0.8	9000	2.346895314	1.86588	0.477401765
0.8	9000	2.811651533	1.939088	0.437406373
0.8	9000	3.478560708	1.979456	0.397642505
0.8	9000	4.451551417	1.982808	0.35792384
0.8	9000	5.895591911	1.953	0.318530413
0.8	9000	8.075611265	1.901912	0.280362965
0.8	9000	11.42131765	1.846816	0.24447659
0.8	9000	16	1.810312	0.213969313
0.8	10842.1	1.040924346	0.008	0.061025
0.8	10842.1	1.060333576	2.73E-01	0.061025
0.8	10842.1	1.079922091	0.441192	0.430498108
0.8	10842.1	1.099689893	0.565704	0.63527756
0.8	10842.1	1.119636981	0.665232	0.736772608
0.8	10842.1	1.139763354	0.748712	0.788669488
0.8	10842.1	1.16006686	0.820984	0.814463578
0.8	10842.1	1.180551787	0.884944	0.825646235
0.8	10842.1	1.201216	0.942456	0.828304363
0.8	10842.1	1.222059499	0.994792	0.825862325
0.8	10842.1	1.243082284	1.042864	0.820336595
0.8	10842.1	1.270679036	1.100064	0.810503398
0.8	10842.1	1.30700913	1.167096	0.795522628
0.8	10842.1	1.35500309	1.244296	0.77494226
0.8	10842.1	1.418688242	1.331512	0.748849393
0.8	10842.1	1.50366699	1.427816	0.717796378
0.8	10842.1	1.617831364	1.531208	0.682494328
0.8	10842.1	1.772492823	1.638224	0.644025898
0.8	10842.1	1.984103251	1.743464	0.603426335
0.8	10842.1	2.277032712	1.839336	0.561466288
0.8	10842.1	2.687983203	1.916496	0.518534938
0.8	10842.1	3.273157601	1.965552	0.474708358
0.8	10842.1	4.119966253	1.980336	0.429994265
0.8	10842.1	5.366306608	1.961376	0.38474105
0.8	10842.1	7.232415169	1.917208	0.339940963
0.8	10842.1	10.07387608	1.862704	0.297019535
0.8	10842.1	14.47000517	1.816448	0.256606295
0.8	10842.1	16	1.808168	0.246119315
0.8	12684.2	1.056422175	0.008	0.061025
0.8	12684.2	1.083460319	3.15E-01	0.061025
0.8	12684.2	1.110840113	0.508584	0.426117875
0.8	12684.2	1.138563691	0.650944	0.631491575
0.8	12684.2	1.166626811	0.764016	0.733772705
0.8	12684.2	1.195031581	0.858256	0.786550483
0.8	12684.2	1.223778	0.939304	0.81325634
0.8	12684.2	1.252866069	1.010552	0.825349663
0.8	12684.2	1.282295788	1.074176	0.828897508
0.8	12684.2	1.312067157	1.131672	0.82731542
0.8	12684.2	1.342180176	1.184104	0.822616565
0.8	12684.2	1.381837866	1.245976	0.813805385
0.8	12684.2	1.434257736	1.317632	0.800068235
0.8	12684.2	1.503860742	1.398888	0.780848353
0.8	12684.2	1.596811323	1.488704	0.75592634
0.8	12684.2	1.721811104	1.584912	0.725657203
0.8	12684.2	1.89135382	1.683752	0.690738823
0.8	12684.2	2.123659169	1.779536	0.651996973
0.8	12684.2	2.445767571	1.864552	0.610157098
0.8	12684.2	2.898496035	1.92972	0.565703195
0.8	12684.2	3.544480217	1.966616	0.518911993
0.8	12684.2	4.481337585	1.970728	0.47012747
0.8	12684.2	5.863299031	1.944376	0.420154453
0.8	12684.2	7.937100406	1.897272	0.370490135
0.8	12684.2	11.10159759	1.844672	0.322832368
0.8	12684.2	16	1.805224	0.27738842
0.8	14526.3	1.074676396	0.008	0.061025
0.8	14526.3	1.111833169	3.62E-01	0.061025
0.8	14526.3	1.149621418	0.58312	0.436428455
0.8	14526.3	1.188041141	0.743504	0.638120908
0.8	14526.3	1.227090123	0.86976	0.737764858
0.8	14526.3	1.26677276	0.974072	0.788880065
0.8	14526.3	1.307086872	1.063016	0.81462785
0.8	14526.3	1.348032458	1.140504	0.826244893
0.8	14526.3	1.389609519	1.209064	0.82964831
0.8	14526.3	1.431818055	1.270432	0.828146705
0.8	14526.3	1.474658066	1.325824	0.823642993
0.8	14526.3	1.531292402	1.390408	0.81506885
0.8	14526.3	1.606513155	1.463992	0.80152574
0.8	14526.3	1.706999736	1.545528	0.78240398
0.8	14526.3	1.842184567	1.632768	0.75748307
0.8	14526.3	2.025629177	1.721872	0.726927283
0.8	14526.3	2.277120234	1.807112	0.691163285
0.8	14526.3	2.62605266	1.88092	0.650697125
0.8	14526.3	3.116834888	1.934784	0.605980828
0.8	14526.3	3.817666593	1.961328	0.55744106
0.8	14526.3	4.834914936	1.957416	0.505736015
0.8	14526.3	6.336753979	1.92648	0.452119235
0.8	14526.3	8.592349675	1.878712	0.398532223
0.8	14526.3	12.03704861	1.829304	0.346829383
0.8	14526.3	16	1.801352	0.307602433
0.8	16368.4	1.095844674	0.008	0.061025
0.8	16368.4	1.159554234	0.489856	0.167318128
0.8	16368.4	1.225063794	0.762744	0.575008295
0.8	16368.4	1.292373354	0.952512	0.729943723
0.8	16368.4	1.361482914	1.097704	0.794957045
0.8	16368.4	1.432392474	1.214776	0.821616598
0.8	16368.4	1.4883756	1.291464	0.829109188
0.8	16368.4	1.545434354	1.358904	0.830126795
0.8	16368.4	1.603566342	1.418776	0.82717871
0.8	16368.4	1.662768986	1.472304	0.82176764
0.8	16368.4	1.723047397	1.5204	0.814822993
0.8	16368.4	1.784396371	1.5638	0.80693681
0.8	16368.4	1.865756569	1.614128	0.79588976
0.8	16368.4	1.974238566	1.670744	0.780936553
0.8	16368.4	2.119842817	1.731984	0.761404663
0.8	16368.4	2.316876693	1.794768	0.7367693
0.8	16368.4	2.586104611	1.854424	0.706695305
0.8	16368.4	2.958221123	1.904768	0.67104266
0.8	16368.4	3.479355282	1.938968	0.62985767
0.8	16368.4	4.220000582	1.951288	0.583450138
0.8	16368.4	5.289599808	1.939432	0.532597325
0.8	16368.4	6.860501994	1.906448	0.4787843
0.8	16368.4	9.207601566	1.86104	0.42413999
0.8	16368.4	12.77414792	1.816608	0.370494545
0.8	16368.4	16	1.796424	0.336586055
0.8	18210.55	1.120113189	0.008	0.061025
0.8	18210.55	1.184514429	0.457192	0.061025
0.8	18210.55	1.250715669	0.72828	0.452698048
0.8	18210.55	1.318716909	0.920392	0.647601305
0.8	18210.55	1.388518149	1.068208	0.742902508
0.8	18210.55	1.460119389	1.187528	0.791621983
0.8	18210.55	1.517146476	1.266296	0.812094305
0.8	18210.55	1.575265969	1.33544	0.823335395
0.8	18210.55	1.634480427	1.396704	0.82854581
0.8	18210.55	1.694784782	1.451368	0.829721075
0.8	18210.55	1.756181544	1.500408	0.82814891
0.8	18210.55	1.818673411	1.544584	0.82468265
0.8	18210.55	1.901541713	1.595728	0.818273818
0.8	18210.55	2.012034445	1.653152	0.807941188
0.8	18210.55	2.160338496	1.715112	0.792721175
0.8	18210.55	2.361016634	1.778496	0.771783598
0.8	18210.55	2.635219769	1.838592	0.744511055
0.8	18210.55	3.014199461	1.889256	0.710548543
0.8	18210.55	3.544920778	1.923744	0.669824398
0.8	18210.55	4.299165874	1.936504	0.622644013
0.8	18210.55	5.388359409	1.92544	0.56989931
0.8	18210.55	6.987975936	1.893712	0.51330578
0.8	18210.55	9.377865029	1.85004	0.455281205
0.8	18210.55	13.00927314	1.8078	0.39785198
0.8	18210.55	16	1.790328	0.36416399
0.8	20052.65	1.147700831	0.008	0.061025
0.8	20052.65	1.212879311	0.42548	0.061025
0.8	20052.65	1.279857791	0.691952	0.32442548
0.8	20052.65	1.348636271	0.8848	0.550447903
0.8	20052.65	1.419214751	1.03444	0.672720665
0.8	20052.65	1.491593231	1.155624	0.742611448
0.8	20052.65	1.565639075	1.256392	0.7833389
0.8	20052.65	1.641476002	1.341952	0.806898223
0.8	20052.65	1.719109078	1.415568	0.819801883
0.8	20052.65	1.798533117	1.47952	0.825841378
0.8	20052.65	1.879753424	1.535456	0.827335265
0.8	20052.65	1.962764574	1.584608	0.82575428
0.8	20052.65	2.073363847	1.639952	0.820641988
0.8	20052.65	2.221673719	1.699856	0.81077792
0.8	20052.65	2.422131942	1.761368	0.794995633
0.8	20052.65	2.695674706	1.820024	0.77231831
0.8	20052.65	3.073149242	1.869952	0.742059095
0.8	20052.65	3.600832627	1.904688	0.703900468
0.8	20052.65	4.349297737	1.918808	0.658017725
0.8	20052.65	5.427874848	1.910072	0.60529397
0.8	20052.65	7.008451433	1.881184	0.547546123
0.8	20052.65	9.364744475	1.840264	0.487391518
0.8	20052.65	12.93753135	1.800112	0.427115638
0.8	20052.65	16	1.782912	0.390163145
0.8	21894.75	1.17886392	0.008	0.061025
0.8	21894.75	1.24490922	0.395152	0.061025
0.8	21894.75	1.31275452	0.65468	0.195753808
0.8	21894.75	1.38239982	0.846616	0.44395412
0.8	21894.75	1.45384512	0.997112	0.588838055
0.8	21894.75	1.52709042	1.119616	0.677964155
0.8	21894.75	1.639877453	1.266536	0.754443478
0.8	21894.75	1.756679858	1.382808	0.793920695
0.8	21894.75	1.877502848	1.476952	0.81341069
0.8	21894.75	2.002341032	1.554264	0.821374048
0.8	21894.75	2.131197059	1.618304	0.822364093
0.8	21894.75	2.26407394	1.671608	0.81898934
0.8	21894.75	2.442815828	1.727888	0.810577265
0.8	21894.75	2.68533769	1.783664	0.795749743
0.8	21894.75	3.017766558	1.834024	0.773313868
0.8	21894.75	3.478918815	1.87308	0.742424023
0.8	21894.75	4.127418876	1.895144	0.702738433
0.8	21894.75	5.053274707	1.896528	0.654642973
0.8	21894.75	6.396837465	1.877472	0.599498128
0.8	21894.75	8.379977043	1.843264	0.539709553
0.8	21894.75	11.357756	1.80412	0.478055548
0.8	21894.75	15.90436733	1.7744	0.415497493
0.8	21894.75	16	1.774072	0.414408223
0.8	23736.85	1.21390154	0.008	0.061025
0.8	23736.85	1.28090786	3.66E-01	0.061025
0.8	23736.85	1.34971418	0.617168	0.070483348
0.8	23736.85	1.4203205	0.806648	0.332607133
0.8	23736.85	1.49272682	0.956944	0.495252343
0.8	23736.85	1.56693314	1.080088	0.601023988
0.8	23736.85	1.702539575	1.252	0.710911265
0.8	23736.85	1.843772917	1.3834	0.767785933
0.8	23736.85	1.990633166	1.486592	0.797033053
0.8	23736.85	2.143120324	1.568896	0.81069854
0.8	23736.85	2.301234388	1.635128	0.815057825
0.8	23736.85	2.464978501	1.688632	0.81362237
0.8	23736.85	2.686252162	1.743128	0.806409815
0.8	23736.85	2.988130562	1.7944	0.791817125
0.8	23736.85	3.404593284	1.83708	0.768509173
0.8	23736.85	3.986603236	1.86552	0.735632623
0.8	23736.85	4.811837088	1.875272	0.693076123
0.8	23736.85	6.000613648	1.865024	0.641745928
0.8	23736.85	7.742005743	1.837992	0.583735685
0.8	23736.85	10.33704806	1.802328	0.521952688
0.8	23736.85	14.27036753	1.770624	0.458457508
0.8	23736.85	16	1.76368	0.436722823
0.8	25578.95	1.253150391	0.008	0.061025
0.8	25578.95	1.321216911	3.39E-01	0.061025
0.8	25578.95	1.391083431	0.579984	0.061025
0.8	25578.95	1.462749951	0.765584	0.21990848
0.8	25578.95	1.536216471	0.914616	0.395477195
0.8	25578.95	1.611482991	1.037656	0.514934173
0.8	25578.95	1.738199654	1.198792	0.63875264
0.8	25578.95	1.869714391	1.324792	0.711395263
0.8	25578.95	2.006021828	1.425568	0.75492968
0.8	25578.95	2.147124604	1.507304	0.780797638
0.8	25578.95	2.293022719	1.574184	0.795407968
0.8	25578.95	2.443716171	1.629168	0.8025665
0.8	25578.95	2.646787341	1.686416	0.80452454
0.8	25578.95	2.922896284	1.742104	0.799264513
0.8	25578.95	3.30231397	1.79112	0.784958473
0.8	25578.95	3.830158212	1.827768	0.76023932
0.8	25578.95	4.574837599	1.846992	0.72450068
0.8	25578.95	5.641750806	1.84628	0.6782045
0.8	25578.95	7.19576333	1.82724	0.623129113
0.8	25578.95	9.498255542	1.7964	0.562198348
0.8	25578.95	12.96854061	1.764928	0.498229093
0.8	25578.95	16	1.751592	0.456934955
0.8	27421.05	1.297013488	0.008	0.061025
0.8	27421.05	1.366245388	3.14E-01	0.061025
0.8	27421.05	1.437277288	0.54352	0.061025
0.8	27421.05	1.510109188	0.724024	0.108484318
0.8	27421.05	1.584741088	0.870776	0.29247944
0.8	27421.05	1.661172988	0.992928	0.422531443
0.8	27421.05	1.848596456	1.21396	0.60736667
0.8	27421.05	2.046032717	1.372176	0.701751695
0.8	27421.05	2.25348735	1.489264	0.75157367
0.8	27421.05	2.470957637	1.577408	0.77709434
0.8	27421.05	2.698440292	1.644248	0.788385043
0.8	27421.05	2.935941745	1.694968	0.79091087
0.8	27421.05	3.259664146	1.742768	0.786144763
0.8	27421.05	3.705809802	1.78276	0.772112143
0.8	27421.05	4.328567631	1.809872	0.747349993
0.8	27421.05	5.210417978	1.820248	0.71128832
0.8	27421.05	6.478969526	1.81292	0.6646217
0.8	27421.05	8.334509172	1.791072	0.60944819
0.8	27421.05	11.09555434	1.762552	0.548716978
0.8	27421.05	15.27446496	1.739568	0.48414686
0.8	27421.05	16	1.737696	0.474867118
0.8	29263.15	1.345945702	0.008	0.061025
0.8	29263.15	1.416454642	2.90E-01	0.061025
0.8	29263.15	1.488763582	0.50804	0.061025
0.8	29263.15	1.562872522	0.682448	0.061025
0.8	29263.15	1.638781462	0.825976	0.188673553
0.8	29263.15	1.716490402	0.94648	0.326296423
0.8	29263.15	1.878168834	1.13852	0.508272868
0.8	29263.15	2.047125685	1.283288	0.61612052
0.8	29263.15	2.223355352	1.395184	0.682435895
0.8	29263.15	2.40686368	1.482968	0.72372893
0.8	29263.15	2.597644582	1.552416	0.749100763
0.8	29263.15	2.795701041	1.607584	0.76391285
0.8	29263.15	3.064054197	1.662712	0.772705288
0.8	29263.15	3.431293141	1.713344	0.77292248
0.8	29263.15	3.939772433	1.75424	0.76232084
0.8	29263.15	4.653296123	1.780448	0.73939325
0.8	29263.15	5.669608637	1.788872	0.70380896
0.8	29263.15	7.140759728	1.779896	0.656757568
0.8	29263.15	9.306672868	1.758408	0.600900508
0.8	29263.15	12.55063118	1.733944	0.539279578
0.8	29263.15	16	1.721864	0.490346218
0.8	31105.25	1.400478163	0.008	0.061025
0.8	31105.25	1.472383243	2.68E-01	0.061025
0.8	31105.25	1.546088323	0.47376	0.061025
0.8	31105.25	1.621593403	0.64124	0.061025
0.8	31105.25	1.698898483	0.780728	0.08597237
0.8	31105.25	1.778003563	0.89884	0.228343708
0.8	31105.25	2.02517661	1.163736	0.489426733
0.8	31105.25	2.288430716	1.342776	0.621211865
0.8	31105.25	2.567769085	1.468328	0.691441115
0.8	31105.25	2.863185489	1.557872	0.72874751
0.8	31105.25	3.174686515	1.622064	0.746998295
0.8	31105.25	3.502265216	1.667928	0.753605578
0.8	31105.25	3.952159904	1.707976	0.75159131
0.8	31105.25	4.577652807	1.73764	0.738761518
0.8	31105.25	5.459461229	1.753208	0.71377556
0.8	31105.25	6.721854764	1.753288	0.676629028
0.8	31105.25	8.559076848	1.740136	0.628886368
0.8	31105.25	11.27889758	1.720328	0.57319799
0.8	31105.25	15.3747821	1.704864	0.511240798
0.8	31105.25	16	1.703976	0.503196958
0.8	32947.35	1.461224034	0.008	0.061025
0.8	32947.35	1.534652694	2.47E-01	0.061025
0.8	32947.35	1.609881354	0.440776	0.061025
0.8	32947.35	1.686910014	0.60072	0.061025
0.8	32947.35	1.765738674	0.735432	0.061025
0.8	32947.35	1.846367334	0.850496	0.130432888
0.8	32947.35	2.044027793	1.065056	0.36255434
0.8	32947.35	2.251737335	1.222888	0.502555303
0.8	32947.35	2.46949596	1.341952	0.590720023
0.8	32947.35	2.697300384	1.43312	0.647461288
0.8	32947.35	2.935157033	1.503504	0.68406539
0.8	32947.35	3.183062765	1.558024	0.707215685
0.8	32947.35	3.520362845	1.610968	0.723868948
0.8	32947.35	3.984243547	1.657744	0.730986688
0.8	32947.35	4.630195901	1.693496	0.7259648
0.8	32947.35	5.542450686	1.714384	0.707215685
0.8	32947.35	6.8509241	1.719104	0.67469414
0.8	32947.35	8.759060504	1.710184	0.630115655
0.8	32947.35	11.58964658	1.694648	0.576340115
0.8	32947.35	15.86092753	1.683968	0.514989298
0.8	32947.35	16	1.683888	0.513245143
0.8	34789.45	1.528895155	0.008	0.061025
0.8	34789.45	1.603984255	2.28E-01	0.061025
0.8	34789.45	1.680873355	0.409176	0.061025
0.8	34789.45	1.759562455	0.561104	0.061025
0.8	34789.45	1.840051555	0.690464	0.061025
0.8	34789.45	1.922340655	0.801888	0.061025
0.8	34789.45	2.244015984	1.1066	0.367808855
0.8	34789.45	2.590564288	1.301536	0.533925838
0.8	34789.45	2.961985566	1.431232	0.622326493
0.8	34789.45	3.358283484	1.518976	0.669828808
0.8	34789.45	3.779450935	1.57856	0.69394379
0.8	34789.45	4.22549136	1.618776	0.703934645
0.8	34789.45	4.842530331	1.651496	0.70424555
0.8	34789.45	5.707521678	1.673152	0.69270899
0.8	34789.45	6.938219403	1.681856	0.668363585
0.8	34789.45	8.717610554	1.678736	0.63184658
0.8	34789.45	11.33415042	1.668848	0.585110503
0.8	34789.45	15.24828306	1.66156	0.5296316
0.8	34789.45	16	1.661488	0.520314373
0.8	36631.6	1.604318625	0.008	0.061025
0.8	36631.6	1.681215645	2.10E-01	0.061025
0.8	36631.6	1.759912665	0.378976	0.061025
0.8	36631.6	1.840409685	0.522592	0.061025
0.8	36631.6	1.922706705	0.646112	0.061025
0.8	36631.6	2.006803725	0.753376	0.061025
0.8	36631.6	2.233646823	0.974728	0.202298248
0.8	36631.6	2.472633597	1.136952	0.36669092
0.8	36631.6	2.723764047	1.258624	0.474244205
0.8	36631.6	2.98704163	1.351184	0.54639401
0.8	36631.6	3.262459588	1.4222	0.595337293
0.8	36631.6	3.550021223	1.476936	0.62846852
0.8	36631.6	3.942007732	1.52988	0.655441183
0.8	36631.6	4.482269077	1.576624	0.672743818
0.8	36631.6	5.236463342	1.612792	0.677324705
0.8	36631.6	6.304548505	1.635264	0.667291955
0.8	36631.6	7.841153642	1.643624	0.642495628
0.8	36631.6	10.0890151	1.641336	0.60460601
0.8	36631.6	13.4342115	1.636264	0.555980248
0.8	36631.6	16	1.636648	0.524231555
0.8	38473.7	1.688455953	0.008	0.061025
0.8	38473.7	1.767320313	1.93E-01	0.061025
0.8	38473.7	1.847984673	3.50E-01	0.061025
0.8	38473.7	1.930449033	0.485312	0.061025
0.8	38473.7	2.014713393	0.602624	0.061025
0.8	38473.7	2.100777753	0.705296	0.061025
0.8	38473.7	2.516008233	1.043608	0.24813689
0.8	38473.7	2.96866008	1.249064	0.443650933
0.8	38473.7	3.458733294	1.379168	0.547184503
0.8	38473.7	3.986227875	1.463112	0.60299195
0.8	38473.7	4.551139556	1.517592	0.63185981
0.8	38473.7	5.153476596	1.552824	0.644691808
0.8	38473.7	5.992459203	1.580248	0.647236378
0.8	38473.7	7.177683974	1.59764	0.637554223
0.8	38473.7	8.878260489	1.605048	0.615118348
0.8	38473.7	11.35903668	1.605904	0.580811855
0.8	38473.7	15.04041197	1.607728	0.5355851
0.8	38473.7	16	1.609232	0.524822495
0.8	40315.8	1.782435936	0.008	0.061025
0.8	40315.8	1.863440676	1.77E-01	0.061025
0.8	40315.8	1.946245416	3.23E-01	0.061025
0.8	40315.8	2.030850156	0.44936	0.061025
0.8	40315.8	2.117254896	0.5602	0.061025
0.8	40315.8	2.205459636	0.657944	0.061025
0.8	40315.8	2.431659747	0.855712	0.061025
0.8	40315.8	2.668903808	1.006192	0.1858721
0.8	40315.8	2.917185433	1.122712	0.30665759
0.8	40315.8	3.176511305	1.214016	0.39375509
0.8	40315.8	3.446874444	1.28616	0.457472975
0.8	40315.8	3.728278266	1.343512	0.504464833
0.8	40315.8	4.110614326	1.401144	0.547710395
0.8	40315.8	4.635542487	1.45504	0.583210895
0.8	40315.8	5.365088183	1.50088	0.607072303
0.8	40315.8	6.393175712	1.53512	0.616299125
0.8	40315.8	7.864334053	1.556424	0.609537493
0.8	40315.8	10.00438555	1.566856	0.587409215
0.8	40315.8	13.1710128	1.572792	0.55173452
0.8	40315.8	16	1.579128	0.52190969
0.8	42157.9	1.887573732	0.008	0.061025
0.8	42157.9	1.935996743	1.01E-01	0.061025
0.8	42157.9	1.985033024	1.86E-01	0.061025
0.8	42157.9	2.034685428	2.65E-01	0.061025
0.8	42157.9	2.084948284	3.38E-01	0.061025
0.8	42157.9	2.135824411	0.40576	0.061025
0.8	42157.9	2.187316766	0.468736	0.061025
0.8	42157.9	2.239419468	0.527408	0.061025
0.8	42157.9	2.29213544	0.582176	0.061025
0.8	42157.9	2.345467746	0.633376	0.061025
0.8	42157.9	2.399410294	0.68132	0.061025
0.8	42157.9	2.470454646	0.739208	0.061025
0.8	42157.9	2.564360255	0.807728	0.061025
0.8	42157.9	2.689055548	0.88688	0.061025
0.8	42157.9	2.855586263	0.975576	0.133880405
0.8	42157.9	3.079558188	1.071296	0.237397438
0.8	42157.9	3.383359251	1.169912	0.337067848
0.8	42157.9	3.79966133	1.265784	0.4264817
0.8	42157.9	4.376953542	1.352416	0.499468303
0.8	42157.9	5.18844573	1.423728	0.55113917
0.8	42157.9	6.346489562	1.475792	0.578839483
0.8	42157.9	8.026206299	1.508488	0.582777613
0.8	42157.9	10.50431435	1.526552	0.565832188
0.8	42157.9	14.22354093	1.539848	0.53169107
0.8	42157.9	16	1.5462	0.51532115
0.8	44000	2.005418512	0.008	0.061025
0.8	44000	2.091286192	1.49E-01	0.061025
0.8	44000	2.178953872	2.72E-01	0.061025
0.8	44000	2.268421552	0.381744	0.061025
0.8	44000	2.359689232	0.479216	0.061025
0.8	44000	2.452756912	0.566384	0.061025
0.8	44000	2.580334621	0.669464	0.061025
0.8	44000	2.711149954	0.759208	0.061025
0.8	44000	2.845196406	0.837728	0.061025
0.8	44000	2.98247719	0.906728	0.061025
0.8	44000	3.122992306	0.967568	0.11105204
0.8	44000	3.266741753	1.021392	0.171025835
0.8	44000	3.458450615	1.082376	0.236678608
0.8	44000	3.715846088	1.149008	0.305450353
0.8	44000	4.064268096	1.21856	0.373617928
0.8	44000	4.540560078	1.287136	0.436543115
0.8	44000	5.199179789	1.350152	0.489255845
0.8	44000	6.122041724	1.403248	0.52730312
0.8	44000	7.434423905	1.443624	0.547700473
0.8	44000	9.330898841	1.471512	0.549628745
0.8	44000	12.1180781	1.4912	0.534251075
0.8	44000	16	1.51032	0.504880475
