Temperature (C)	Pressure (MPa)	Density (kg/m3)	Volume (m3/kg)	Internal Energy (kJ/kg)	Enthalpy (kJ/kg)	Entropy (J/g*K)	Cv (J/g*K)	Cp (J/g*K)	Sound Spd. (m/s)	Joule-Thomson (K/MPa)	Viscosity (Pa*s)	Therm. Cond. (W/m*K)	Phase
-30.000	0.10000	1.9789	0.50533	75.699	126.23	3.7693	0.31254	0.52233	290.40	5.2924	1.8963e-05	0.014817	vapor
-29.283	0.10000	1.9731	0.50683	75.924	126.61	3.7708	0.31253	0.52232	290.83	5.2651	1.9012e-05	0.014855	vapor
-28.567	0.10000	1.9672	0.50832	76.148	126.98	3.7723	0.31253	0.52230	291.25	5.2380	1.9060e-05	0.014893	vapor
-27.850	0.10000	1.9615	0.50982	76.373	127.36	3.7739	0.31253	0.52229	291.68	5.2112	1.9109e-05	0.014931	vapor
-27.133	0.10000	1.9557	0.51132	76.597	127.73	3.7754	0.31252	0.52227	292.11	5.1845	1.9157e-05	0.014968	vapor
-26.417	0.10000	1.9500	0.51282	76.822	128.10	3.7769	0.31252	0.52226	292.54	5.1580	1.9205e-05	0.015006	vapor
-25.700	0.10000	1.9443	0.51431	77.047	128.48	3.7784	0.31252	0.52225	292.96	5.1317	1.9254e-05	0.015044	vapor
-24.983	0.10000	1.9387	0.51581	77.271	128.85	3.7799	0.31252	0.52223	293.39	5.1056	1.9302e-05	0.015081	vapor
-24.267	0.10000	1.9331	0.51731	77.496	129.23	3.7814	0.31251	0.52222	293.81	5.0797	1.9350e-05	0.015119	vapor
-23.550	0.10000	1.9275	0.51881	77.720	129.60	3.7829	0.31251	0.52221	294.24	5.0540	1.9398e-05	0.015157	vapor
-22.833	0.10000	1.9220	0.52030	77.945	129.97	3.7844	0.31251	0.52219	294.66	5.0284	1.9447e-05	0.015194	vapor
-22.117	0.10000	1.9164	0.52180	78.169	130.35	3.7859	0.31251	0.52218	295.09	5.0031	1.9495e-05	0.015232	vapor
-21.400	0.10000	1.9110	0.52330	78.394	130.72	3.7874	0.31250	0.52217	295.51	4.9779	1.9543e-05	0.015269	vapor
-20.683	0.10000	1.9055	0.52479	78.618	131.10	3.7889	0.31250	0.52215	295.93	4.9529	1.9591e-05	0.015307	vapor
-19.967	0.10000	1.9001	0.52629	78.843	131.47	3.7904	0.31250	0.52214	296.35	4.9281	1.9639e-05	0.015344	vapor
-19.250	0.10000	1.8947	0.52779	79.067	131.85	3.7919	0.31250	0.52213	296.77	4.9034	1.9686e-05	0.015381	vapor
-18.533	0.10000	1.8893	0.52929	79.292	132.22	3.7933	0.31249	0.52211	297.19	4.8789	1.9734e-05	0.015419	vapor
-17.817	0.10000	1.8840	0.53078	79.516	132.59	3.7948	0.31249	0.52210	297.61	4.8546	1.9782e-05	0.015456	vapor
-17.100	0.10000	1.8787	0.53228	79.741	132.97	3.7963	0.31249	0.52209	298.03	4.8305	1.9830e-05	0.015493	vapor
-16.383	0.10000	1.8734	0.53378	79.965	133.34	3.7977	0.31249	0.52208	298.45	4.8065	1.9877e-05	0.015530	vapor
-15.667	0.10000	1.8682	0.53527	80.190	133.72	3.7992	0.31248	0.52207	298.87	4.7827	1.9925e-05	0.015568	vapor
-14.950	0.10000	1.8630	0.53677	80.414	134.09	3.8006	0.31248	0.52205	299.29	4.7591	1.9973e-05	0.015605	vapor
-14.233	0.10000	1.8578	0.53827	80.638	134.47	3.8021	0.31248	0.52204	299.70	4.7356	2.0020e-05	0.015642	vapor
-13.517	0.10000	1.8527	0.53976	80.863	134.84	3.8035	0.31248	0.52203	300.12	4.7123	2.0068e-05	0.015679	vapor
-12.800	0.10000	1.8475	0.54126	81.087	135.21	3.8050	0.31247	0.52202	300.53	4.6891	2.0115e-05	0.015716	vapor
-12.083	0.10000	1.8424	0.54276	81.312	135.59	3.8064	0.31247	0.52201	300.95	4.6661	2.0163e-05	0.015753	vapor
-11.367	0.10000	1.8374	0.54425	81.536	135.96	3.8078	0.31247	0.52200	301.36	4.6433	2.0210e-05	0.015790	vapor
-10.650	0.10000	1.8323	0.54575	81.761	136.34	3.8092	0.31247	0.52198	301.78	4.6206	2.0258e-05	0.015827	vapor
-9.9333	0.10000	1.8273	0.54725	81.985	136.71	3.8107	0.31247	0.52197	302.19	4.5980	2.0305e-05	0.015864	vapor
-9.2167	0.10000	1.8223	0.54874	82.210	137.08	3.8121	0.31246	0.52196	302.60	4.5756	2.0352e-05	0.015901	vapor
-8.5000	0.10000	1.8174	0.55024	82.434	137.46	3.8135	0.31246	0.52195	303.01	4.5534	2.0399e-05	0.015938	vapor
-7.7833	0.10000	1.8125	0.55174	82.658	137.83	3.8149	0.31246	0.52194	303.42	4.5313	2.0446e-05	0.015974	vapor
-7.0667	0.10000	1.8076	0.55323	82.883	138.21	3.8163	0.31246	0.52193	303.84	4.5094	2.0494e-05	0.016011	vapor
-6.3500	0.10000	1.8027	0.55473	83.107	138.58	3.8177	0.31246	0.52192	304.25	4.4876	2.0541e-05	0.016048	vapor
-5.6333	0.10000	1.7978	0.55623	83.332	138.95	3.8191	0.31245	0.52191	304.66	4.4659	2.0588e-05	0.016085	vapor
-4.9167	0.10000	1.7930	0.55772	83.556	139.33	3.8205	0.31245	0.52190	305.06	4.4444	2.0635e-05	0.016121	vapor
-4.2000	0.10000	1.7882	0.55922	83.780	139.70	3.8219	0.31245	0.52189	305.47	4.4230	2.0682e-05	0.016158	vapor
-3.4833	0.10000	1.7834	0.56071	84.005	140.08	3.8233	0.31245	0.52188	305.88	4.4018	2.0729e-05	0.016195	vapor
-2.7667	0.10000	1.7787	0.56221	84.229	140.45	3.8247	0.31245	0.52187	306.29	4.3807	2.0775e-05	0.016231	vapor
-2.0500	0.10000	1.7740	0.56371	84.454	140.82	3.8261	0.31244	0.52186	306.70	4.3597	2.0822e-05	0.016268	vapor
-1.3333	0.10000	1.7693	0.56520	84.678	141.20	3.8274	0.31244	0.52185	307.10	4.3389	2.0869e-05	0.016304	vapor
-0.61667	0.10000	1.7646	0.56670	84.902	141.57	3.8288	0.31244	0.52184	307.51	4.3182	2.0916e-05	0.016341	vapor
0.10000	0.10000	1.7600	0.56820	85.127	141.95	3.8302	0.31244	0.52183	307.91	4.2977	2.0963e-05	0.016377	vapor
0.81667	0.10000	1.7553	0.56969	85.351	142.32	3.8316	0.31244	0.52182	308.32	4.2773	2.1009e-05	0.016414	vapor
1.5333	0.10000	1.7507	0.57119	85.575	142.69	3.8329	0.31243	0.52181	308.72	4.2570	2.1056e-05	0.016450	vapor
2.2500	0.10000	1.7462	0.57268	85.800	143.07	3.8343	0.31243	0.52180	309.13	4.2368	2.1102e-05	0.016486	vapor
2.9667	0.10000	1.7416	0.57418	86.024	143.44	3.8356	0.31243	0.52179	309.53	4.2168	2.1149e-05	0.016523	vapor
3.6833	0.10000	1.7371	0.57568	86.248	143.82	3.8370	0.31243	0.52178	309.93	4.1969	2.1195e-05	0.016559	vapor
4.4000	0.10000	1.7326	0.57717	86.473	144.19	3.8383	0.31243	0.52177	310.33	4.1771	2.1242e-05	0.016595	vapor
5.1167	0.10000	1.7281	0.57867	86.697	144.56	3.8397	0.31243	0.52176	310.74	4.1574	2.1288e-05	0.016631	vapor
5.8333	0.10000	1.7237	0.58016	86.921	144.94	3.8410	0.31242	0.52175	311.14	4.1379	2.1335e-05	0.016668	vapor
6.5500	0.10000	1.7192	0.58166	87.146	145.31	3.8424	0.31242	0.52174	311.54	4.1185	2.1381e-05	0.016704	vapor
7.2667	0.10000	1.7148	0.58315	87.370	145.69	3.8437	0.31242	0.52174	311.94	4.0992	2.1427e-05	0.016740	vapor
7.9833	0.10000	1.7104	0.58465	87.594	146.06	3.8450	0.31242	0.52173	312.34	4.0801	2.1473e-05	0.016776	vapor
8.7000	0.10000	1.7061	0.58615	87.819	146.43	3.8464	0.31242	0.52172	312.73	4.0610	2.1520e-05	0.016812	vapor
9.4167	0.10000	1.7017	0.58764	88.043	146.81	3.8477	0.31242	0.52171	313.13	4.0421	2.1566e-05	0.016848	vapor
10.133	0.10000	1.6974	0.58914	88.267	147.18	3.8490	0.31241	0.52170	313.53	4.0233	2.1612e-05	0.016884	vapor
10.850	0.10000	1.6931	0.59063	88.492	147.56	3.8503	0.31241	0.52169	313.93	4.0046	2.1658e-05	0.016920	vapor
11.567	0.10000	1.6888	0.59213	88.716	147.93	3.8516	0.31241	0.52168	314.33	3.9860	2.1704e-05	0.016956	vapor
12.283	0.10000	1.6846	0.59363	88.940	148.30	3.8530	0.31241	0.52168	314.72	3.9675	2.1750e-05	0.016992	vapor
13.000	0.10000	1.6803	0.59512	89.165	148.68	3.8543	0.31241	0.52167	315.12	3.9492	2.1796e-05	0.017027	vapor
13.717	0.10000	1.6761	0.59662	89.389	149.05	3.8556	0.31241	0.52166	315.51	3.9309	2.1842e-05	0.017063	vapor
14.433	0.10000	1.6719	0.59811	89.613	149.42	3.8569	0.31241	0.52165	315.91	3.9128	2.1888e-05	0.017099	vapor
15.150	0.10000	1.6678	0.59961	89.837	149.80	3.8582	0.31240	0.52164	316.30	3.8948	2.1933e-05	0.017135	vapor
15.867	0.10000	1.6636	0.60110	90.062	150.17	3.8595	0.31240	0.52164	316.70	3.8769	2.1979e-05	0.017171	vapor
16.583	0.10000	1.6595	0.60260	90.286	150.55	3.8608	0.31240	0.52163	317.09	3.8591	2.2025e-05	0.017206	vapor
17.300	0.10000	1.6554	0.60409	90.510	150.92	3.8620	0.31240	0.52162	317.48	3.8414	2.2071e-05	0.017242	vapor
18.017	0.10000	1.6513	0.60559	90.735	151.29	3.8633	0.31240	0.52161	317.87	3.8238	2.2116e-05	0.017278	vapor
18.733	0.10000	1.6472	0.60709	90.959	151.67	3.8646	0.31240	0.52160	318.27	3.8063	2.2162e-05	0.017313	vapor
19.450	0.10000	1.6432	0.60858	91.183	152.04	3.8659	0.31240	0.52160	318.66	3.7889	2.2207e-05	0.017349	vapor
20.167	0.10000	1.6391	0.61008	91.407	152.42	3.8672	0.31240	0.52159	319.05	3.7716	2.2253e-05	0.017384	vapor
20.883	0.10000	1.6351	0.61157	91.632	152.79	3.8684	0.31239	0.52158	319.44	3.7545	2.2299e-05	0.017420	vapor
21.600	0.10000	1.6311	0.61307	91.856	153.16	3.8697	0.31239	0.52157	319.83	3.7374	2.2344e-05	0.017455	vapor
22.317	0.10000	1.6272	0.61456	92.080	153.54	3.8710	0.31239	0.52157	320.22	3.7204	2.2389e-05	0.017491	vapor
23.033	0.10000	1.6232	0.61606	92.304	153.91	3.8722	0.31239	0.52156	320.61	3.7035	2.2435e-05	0.017526	vapor
23.750	0.10000	1.6193	0.61755	92.529	154.28	3.8735	0.31239	0.52155	321.00	3.6868	2.2480e-05	0.017561	vapor
24.467	0.10000	1.6154	0.61905	92.753	154.66	3.8748	0.31239	0.52155	321.38	3.6701	2.2525e-05	0.017597	vapor
25.183	0.10000	1.6115	0.62054	92.977	155.03	3.8760	0.31239	0.52154	321.77	3.6535	2.2571e-05	0.017632	vapor
25.900	0.10000	1.6076	0.62204	93.201	155.41	3.8773	0.31238	0.52153	322.16	3.6370	2.2616e-05	0.017667	vapor
26.617	0.10000	1.6038	0.62353	93.426	155.78	3.8785	0.31238	0.52152	322.55	3.6206	2.2661e-05	0.017703	vapor
27.333	0.10000	1.5999	0.62503	93.650	156.15	3.8798	0.31238	0.52152	322.93	3.6043	2.2706e-05	0.017738	vapor
28.050	0.10000	1.5961	0.62652	93.874	156.53	3.8810	0.31238	0.52151	323.32	3.5881	2.2751e-05	0.017773	vapor
28.767	0.10000	1.5923	0.62802	94.098	156.90	3.8822	0.31238	0.52150	323.70	3.5720	2.2796e-05	0.017808	vapor
29.483	0.10000	1.5885	0.62951	94.323	157.27	3.8835	0.31238	0.52150	324.09	3.5560	2.2841e-05	0.017843	vapor
30.200	0.10000	1.5848	0.63101	94.547	157.65	3.8847	0.31238	0.52149	324.47	3.5401	2.2886e-05	0.017878	vapor
30.917	0.10000	1.5810	0.63250	94.771	158.02	3.8859	0.31238	0.52148	324.86	3.5242	2.2931e-05	0.017913	vapor
31.633	0.10000	1.5773	0.63400	94.995	158.40	3.8872	0.31238	0.52148	325.24	3.5085	2.2976e-05	0.017948	vapor
32.350	0.10000	1.5736	0.63550	95.219	158.77	3.8884	0.31237	0.52147	325.62	3.4928	2.3021e-05	0.017983	vapor
33.067	0.10000	1.5699	0.63699	95.444	159.14	3.8896	0.31237	0.52146	326.00	3.4773	2.3066e-05	0.018018	vapor
33.783	0.10000	1.5662	0.63849	95.668	159.52	3.8908	0.31237	0.52146	326.39	3.4618	2.3111e-05	0.018053	vapor
34.500	0.10000	1.5625	0.63998	95.892	159.89	3.8920	0.31237	0.52145	326.77	3.4464	2.3155e-05	0.018088	vapor
35.217	0.10000	1.5589	0.64148	96.116	160.26	3.8933	0.31237	0.52145	327.15	3.4311	2.3200e-05	0.018123	vapor
35.933	0.10000	1.5553	0.64297	96.341	160.64	3.8945	0.31237	0.52144	327.53	3.4159	2.3245e-05	0.018158	vapor
36.650	0.10000	1.5517	0.64447	96.565	161.01	3.8957	0.31237	0.52143	327.91	3.4007	2.3289e-05	0.018193	vapor
37.367	0.10000	1.5481	0.64596	96.789	161.38	3.8969	0.31237	0.52143	328.29	3.3857	2.3334e-05	0.018228	vapor
38.083	0.10000	1.5445	0.64746	97.013	161.76	3.8981	0.31237	0.52142	328.67	3.3707	2.3379e-05	0.018262	vapor
38.800	0.10000	1.5410	0.64895	97.237	162.13	3.8993	0.31236	0.52141	329.05	3.3558	2.3423e-05	0.018297	vapor
39.517	0.10000	1.5374	0.65044	97.461	162.51	3.9005	0.31236	0.52141	329.43	3.3410	2.3468e-05	0.018332	vapor
40.233	0.10000	1.5339	0.65194	97.686	162.88	3.9017	0.31236	0.52140	329.80	3.3263	2.3512e-05	0.018367	vapor
40.950	0.10000	1.5304	0.65343	97.910	163.25	3.9029	0.31236	0.52140	330.18	3.3117	2.3556e-05	0.018401	vapor
41.667	0.10000	1.5269	0.65493	98.134	163.63	3.9041	0.31236	0.52139	330.56	3.2971	2.3601e-05	0.018436	vapor
42.383	0.10000	1.5234	0.65642	98.358	164.00	3.9052	0.31236	0.52139	330.94	3.2826	2.3645e-05	0.018470	vapor
43.100	0.10000	1.5199	0.65792	98.582	164.37	3.9064	0.31236	0.52138	331.31	3.2682	2.3689e-05	0.018505	vapor
43.817	0.10000	1.5165	0.65941	98.807	164.75	3.9076	0.31236	0.52137	331.69	3.2539	2.3734e-05	0.018540	vapor
44.533	0.10000	1.5131	0.66091	99.031	165.12	3.9088	0.31236	0.52137	332.06	3.2397	2.3778e-05	0.018574	vapor
45.250	0.10000	1.5097	0.66240	99.255	165.50	3.9100	0.31236	0.52136	332.44	3.2255	2.3822e-05	0.018609	vapor
45.967	0.10000	1.5063	0.66390	99.479	165.87	3.9111	0.31236	0.52136	332.81	3.2114	2.3866e-05	0.018643	vapor
46.683	0.10000	1.5029	0.66539	99.703	166.24	3.9123	0.31235	0.52135	333.19	3.1974	2.3910e-05	0.018677	vapor
47.400	0.10000	1.4995	0.66689	99.927	166.62	3.9135	0.31235	0.52135	333.56	3.1835	2.3954e-05	0.018712	vapor
48.117	0.10000	1.4961	0.66838	100.15	166.99	3.9146	0.31235	0.52134	333.93	3.1696	2.3998e-05	0.018746	vapor
48.833	0.10000	1.4928	0.66988	100.38	167.36	3.9158	0.31235	0.52134	334.31	3.1558	2.4042e-05	0.018780	vapor
49.550	0.10000	1.4895	0.67137	100.60	167.74	3.9169	0.31235	0.52133	334.68	3.1421	2.4086e-05	0.018815	vapor
50.267	0.10000	1.4862	0.67287	100.82	168.11	3.9181	0.31235	0.52132	335.05	3.1284	2.4130e-05	0.018849	vapor
50.983	0.10000	1.4829	0.67436	101.05	168.48	3.9193	0.31235	0.52132	335.42	3.1149	2.4174e-05	0.018883	vapor
51.700	0.10000	1.4796	0.67586	101.27	168.86	3.9204	0.31235	0.52131	335.79	3.1014	2.4218e-05	0.018917	vapor
52.417	0.10000	1.4763	0.67735	101.50	169.23	3.9216	0.31235	0.52131	336.16	3.0879	2.4262e-05	0.018952	vapor
53.133	0.10000	1.4731	0.67884	101.72	169.61	3.9227	0.31235	0.52130	336.53	3.0746	2.4306e-05	0.018986	vapor
53.850	0.10000	1.4699	0.68034	101.94	169.98	3.9238	0.31235	0.52130	336.90	3.0613	2.4349e-05	0.019020	vapor
54.567	0.10000	1.4666	0.68183	102.17	170.35	3.9250	0.31234	0.52129	337.27	3.0481	2.4393e-05	0.019054	vapor
55.283	0.10000	1.4634	0.68333	102.39	170.73	3.9261	0.31234	0.52129	337.64	3.0349	2.4437e-05	0.019088	vapor
56.000	0.10000	1.4602	0.68482	102.62	171.10	3.9273	0.31234	0.52128	338.01	3.0218	2.4480e-05	0.019122	vapor
56.717	0.10000	1.4571	0.68632	102.84	171.47	3.9284	0.31234	0.52128	338.38	3.0088	2.4524e-05	0.019156	vapor
57.433	0.10000	1.4539	0.68781	103.07	171.85	3.9295	0.31234	0.52127	338.75	2.9959	2.4568e-05	0.019190	vapor
58.150	0.10000	1.4507	0.68931	103.29	172.22	3.9307	0.31234	0.52127	339.12	2.9830	2.4611e-05	0.019224	vapor
58.867	0.10000	1.4476	0.69080	103.51	172.59	3.9318	0.31234	0.52126	339.48	2.9702	2.4655e-05	0.019258	vapor
59.583	0.10000	1.4445	0.69230	103.74	172.97	3.9329	0.31234	0.52126	339.85	2.9574	2.4698e-05	0.019292	vapor
60.300	0.10000	1.4414	0.69379	103.96	173.34	3.9340	0.31234	0.52125	340.22	2.9447	2.4741e-05	0.019326	vapor
61.017	0.10000	1.4383	0.69528	104.19	173.71	3.9351	0.31234	0.52125	340.58	2.9321	2.4785e-05	0.019360	vapor
61.733	0.10000	1.4352	0.69678	104.41	174.09	3.9363	0.31234	0.52125	340.95	2.9196	2.4828e-05	0.019393	vapor
62.450	0.10000	1.4321	0.69827	104.63	174.46	3.9374	0.31234	0.52124	341.31	2.9071	2.4871e-05	0.019427	vapor
63.167	0.10000	1.4290	0.69977	104.86	174.84	3.9385	0.31234	0.52124	341.68	2.8947	2.4915e-05	0.019461	vapor
63.883	0.10000	1.4260	0.70126	105.08	175.21	3.9396	0.31233	0.52123	342.04	2.8823	2.4958e-05	0.019495	vapor
64.600	0.10000	1.4230	0.70276	105.31	175.58	3.9407	0.31233	0.52123	342.41	2.8700	2.5001e-05	0.019528	vapor
65.317	0.10000	1.4199	0.70425	105.53	175.96	3.9418	0.31233	0.52122	342.77	2.8578	2.5044e-05	0.019562	vapor
66.033	0.10000	1.4169	0.70574	105.75	176.33	3.9429	0.31233	0.52122	343.13	2.8456	2.5087e-05	0.019596	vapor
66.750	0.10000	1.4139	0.70724	105.98	176.70	3.9440	0.31233	0.52121	343.49	2.8335	2.5131e-05	0.019629	vapor
67.467	0.10000	1.4110	0.70873	106.20	177.08	3.9451	0.31233	0.52121	343.86	2.8214	2.5174e-05	0.019663	vapor
68.183	0.10000	1.4080	0.71023	106.43	177.45	3.9462	0.31233	0.52120	344.22	2.8094	2.5217e-05	0.019697	vapor
68.900	0.10000	1.4050	0.71172	106.65	177.82	3.9473	0.31233	0.52120	344.58	2.7975	2.5260e-05	0.019730	vapor
69.617	0.10000	1.4021	0.71322	106.88	178.20	3.9484	0.31233	0.52120	344.94	2.7856	2.5303e-05	0.019764	vapor
70.333	0.10000	1.3992	0.71471	107.10	178.57	3.9495	0.31233	0.52119	345.30	2.7738	2.5346e-05	0.019797	vapor
71.050	0.10000	1.3962	0.71620	107.32	178.94	3.9506	0.31233	0.52119	345.66	2.7620	2.5388e-05	0.019831	vapor
71.767	0.10000	1.3933	0.71770	107.55	179.32	3.9517	0.31233	0.52118	346.02	2.7503	2.5431e-05	0.019864	vapor
72.483	0.10000	1.3904	0.71919	107.77	179.69	3.9527	0.31233	0.52118	346.38	2.7387	2.5474e-05	0.019897	vapor
73.200	0.10000	1.3876	0.72069	108.00	180.06	3.9538	0.31233	0.52117	346.74	2.7271	2.5517e-05	0.019931	vapor
73.917	0.10000	1.3847	0.72218	108.22	180.44	3.9549	0.31232	0.52117	347.10	2.7156	2.5560e-05	0.019964	vapor
74.633	0.10000	1.3818	0.72368	108.44	180.81	3.9560	0.31232	0.52117	347.46	2.7041	2.5602e-05	0.019998	vapor
75.350	0.10000	1.3790	0.72517	108.67	181.19	3.9570	0.31232	0.52116	347.82	2.6927	2.5645e-05	0.020031	vapor
76.067	0.10000	1.3762	0.72666	108.89	181.56	3.9581	0.31232	0.52116	348.18	2.6813	2.5688e-05	0.020064	vapor
76.783	0.10000	1.3733	0.72816	109.12	181.93	3.9592	0.31232	0.52115	348.53	2.6700	2.5730e-05	0.020097	vapor
77.500	0.10000	1.3705	0.72965	109.34	182.31	3.9602	0.31232	0.52115	348.89	2.6588	2.5773e-05	0.020131	vapor
78.217	0.10000	1.3677	0.73115	109.56	182.68	3.9613	0.31232	0.52115	349.25	2.6476	2.5815e-05	0.020164	vapor
78.933	0.10000	1.3649	0.73264	109.79	183.05	3.9624	0.31232	0.52114	349.60	2.6365	2.5858e-05	0.020197	vapor
79.650	0.10000	1.3621	0.73413	110.01	183.43	3.9634	0.31232	0.52114	349.96	2.6254	2.5900e-05	0.020230	vapor
80.367	0.10000	1.3594	0.73563	110.24	183.80	3.9645	0.31232	0.52113	350.31	2.6143	2.5943e-05	0.020263	vapor
81.083	0.10000	1.3566	0.73712	110.46	184.17	3.9655	0.31232	0.52113	350.67	2.6034	2.5985e-05	0.020296	vapor
81.800	0.10000	1.3539	0.73862	110.68	184.55	3.9666	0.31232	0.52113	351.03	2.5924	2.6028e-05	0.020329	vapor
82.517	0.10000	1.3511	0.74011	110.91	184.92	3.9676	0.31232	0.52112	351.38	2.5815	2.6070e-05	0.020362	vapor
83.233	0.10000	1.3484	0.74160	111.13	185.29	3.9687	0.31232	0.52112	351.73	2.5707	2.6112e-05	0.020395	vapor
83.950	0.10000	1.3457	0.74310	111.36	185.67	3.9697	0.31232	0.52112	352.09	2.5600	2.6155e-05	0.020428	vapor
84.667	0.10000	1.3430	0.74459	111.58	186.04	3.9708	0.31232	0.52111	352.44	2.5492	2.6197e-05	0.020461	vapor
85.383	0.10000	1.3403	0.74609	111.81	186.41	3.9718	0.31232	0.52111	352.79	2.5386	2.6239e-05	0.020494	vapor
86.100	0.10000	1.3376	0.74758	112.03	186.79	3.9729	0.31231	0.52110	353.15	2.5279	2.6281e-05	0.020527	vapor
86.817	0.10000	1.3350	0.74907	112.25	187.16	3.9739	0.31231	0.52110	353.50	2.5174	2.6323e-05	0.020560	vapor
87.533	0.10000	1.3323	0.75057	112.48	187.53	3.9749	0.31231	0.52110	353.85	2.5068	2.6365e-05	0.020593	vapor
88.250	0.10000	1.3297	0.75206	112.70	187.91	3.9760	0.31231	0.52109	354.20	2.4964	2.6407e-05	0.020626	vapor
88.967	0.10000	1.3270	0.75356	112.93	188.28	3.9770	0.31231	0.52109	354.55	2.4860	2.6450e-05	0.020659	vapor
89.683	0.10000	1.3244	0.75505	113.15	188.65	3.9780	0.31231	0.52109	354.91	2.4756	2.6492e-05	0.020691	vapor
90.400	0.10000	1.3218	0.75654	113.37	189.03	3.9791	0.31231	0.52108	355.26	2.4653	2.6534e-05	0.020724	vapor
91.117	0.10000	1.3192	0.75804	113.60	189.40	3.9801	0.31231	0.52108	355.61	2.4550	2.6575e-05	0.020757	vapor
91.833	0.10000	1.3166	0.75953	113.82	189.77	3.9811	0.31231	0.52108	355.96	2.4447	2.6617e-05	0.020790	vapor
92.550	0.10000	1.3140	0.76103	114.05	190.15	3.9821	0.31231	0.52107	356.31	2.4346	2.6659e-05	0.020822	vapor
93.267	0.10000	1.3114	0.76252	114.27	190.52	3.9832	0.31231	0.52107	356.66	2.4244	2.6701e-05	0.020855	vapor
93.983	0.10000	1.3089	0.76401	114.49	190.90	3.9842	0.31231	0.52107	357.00	2.4143	2.6743e-05	0.020888	vapor
94.700	0.10000	1.3063	0.76551	114.72	191.27	3.9852	0.31231	0.52106	357.35	2.4043	2.6785e-05	0.020920	vapor
95.417	0.10000	1.3038	0.76700	114.94	191.64	3.9862	0.31231	0.52106	357.70	2.3943	2.6826e-05	0.020953	vapor
96.133	0.10000	1.3012	0.76850	115.17	192.02	3.9872	0.31231	0.52106	358.05	2.3844	2.6868e-05	0.020985	vapor
96.850	0.10000	1.2987	0.76999	115.39	192.39	3.9882	0.31231	0.52105	358.40	2.3744	2.6910e-05	0.021018	vapor
97.567	0.10000	1.2962	0.77148	115.61	192.76	3.9892	0.31231	0.52105	358.74	2.3646	2.6952e-05	0.021050	vapor
98.283	0.10000	1.2937	0.77298	115.84	193.14	3.9902	0.31231	0.52105	359.09	2.3548	2.6993e-05	0.021083	vapor
99.000	0.10000	1.2912	0.77447	116.06	193.51	3.9913	0.31230	0.52104	359.44	2.3450	2.7035e-05	0.021115	vapor
99.717	0.10000	1.2887	0.77596	116.29	193.88	3.9923	0.31230	0.52104	359.78	2.3353	2.7076e-05	0.021148	vapor
100.43	0.10000	1.2862	0.77746	116.51	194.26	3.9933	0.31230	0.52104	360.13	2.3256	2.7118e-05	0.021180	vapor
101.15	0.10000	1.2838	0.77895	116.73	194.63	3.9943	0.31230	0.52103	360.47	2.3160	2.7159e-05	0.021212	vapor
101.87	0.10000	1.2813	0.78045	116.96	195.00	3.9953	0.31230	0.52103	360.82	2.3064	2.7201e-05	0.021245	vapor
102.58	0.10000	1.2789	0.78194	117.18	195.38	3.9962	0.31230	0.52103	361.16	2.2968	2.7242e-05	0.021277	vapor
103.30	0.10000	1.2764	0.78343	117.41	195.75	3.9972	0.31230	0.52102	361.51	2.2873	2.7284e-05	0.021309	vapor
104.02	0.10000	1.2740	0.78493	117.63	196.12	3.9982	0.31230	0.52102	361.85	2.2778	2.7325e-05	0.021342	vapor
104.73	0.10000	1.2716	0.78642	117.85	196.50	3.9992	0.31230	0.52102	362.20	2.2684	2.7366e-05	0.021374	vapor
105.45	0.10000	1.2692	0.78791	118.08	196.87	4.0002	0.31230	0.52101	362.54	2.2590	2.7408e-05	0.021406	vapor
106.17	0.10000	1.2668	0.78941	118.30	197.24	4.0012	0.31230	0.52101	362.88	2.2497	2.7449e-05	0.021438	vapor
106.88	0.10000	1.2644	0.79090	118.53	197.62	4.0022	0.31230	0.52101	363.23	2.2404	2.7490e-05	0.021471	vapor
107.60	0.10000	1.2620	0.79240	118.75	197.99	4.0032	0.31230	0.52101	363.57	2.2311	2.7531e-05	0.021503	vapor
108.32	0.10000	1.2596	0.79389	118.97	198.36	4.0041	0.31230	0.52100	363.91	2.2219	2.7573e-05	0.021535	vapor
109.03	0.10000	1.2573	0.79538	119.20	198.74	4.0051	0.31230	0.52100	364.25	2.2127	2.7614e-05	0.021567	vapor
109.75	0.10000	1.2549	0.79688	119.42	199.11	4.0061	0.31230	0.52100	364.59	2.2036	2.7655e-05	0.021599	vapor
110.47	0.10000	1.2526	0.79837	119.65	199.48	4.0071	0.31230	0.52099	364.94	2.1945	2.7696e-05	0.021631	vapor
111.18	0.10000	1.2502	0.79986	119.87	199.86	4.0080	0.31230	0.52099	365.28	2.1855	2.7737e-05	0.021663	vapor
111.90	0.10000	1.2479	0.80136	120.09	200.23	4.0090	0.31230	0.52099	365.62	2.1764	2.7778e-05	0.021695	vapor
112.62	0.10000	1.2456	0.80285	120.32	200.60	4.0100	0.31230	0.52099	365.96	2.1675	2.7819e-05	0.021727	vapor
113.33	0.10000	1.2432	0.80434	120.54	200.98	4.0109	0.31230	0.52098	366.30	2.1585	2.7860e-05	0.021759	vapor
114.05	0.10000	1.2409	0.80584	120.77	201.35	4.0119	0.31230	0.52098	366.64	2.1496	2.7901e-05	0.021791	vapor
114.77	0.10000	1.2386	0.80733	120.99	201.72	4.0129	0.31229	0.52098	366.98	2.1408	2.7942e-05	0.021823	vapor
115.48	0.10000	1.2364	0.80882	121.21	202.10	4.0138	0.31229	0.52097	367.32	2.1320	2.7983e-05	0.021855	vapor
116.20	0.10000	1.2341	0.81032	121.44	202.47	4.0148	0.31229	0.52097	367.65	2.1232	2.8024e-05	0.021887	vapor
116.92	0.10000	1.2318	0.81181	121.66	202.84	4.0158	0.31229	0.52097	367.99	2.1144	2.8064e-05	0.021919	vapor
117.63	0.10000	1.2296	0.81331	121.89	203.22	4.0167	0.31229	0.52097	368.33	2.1057	2.8105e-05	0.021950	vapor
118.35	0.10000	1.2273	0.81480	122.11	203.59	4.0177	0.31229	0.52096	368.67	2.0970	2.8146e-05	0.021982	vapor
119.07	0.10000	1.2251	0.81629	122.33	203.96	4.0186	0.31229	0.52096	369.01	2.0884	2.8187e-05	0.022014	vapor
119.78	0.10000	1.2228	0.81779	122.56	204.34	4.0196	0.31229	0.52096	369.34	2.0798	2.8227e-05	0.022046	vapor
120.50	0.10000	1.2206	0.81928	122.78	204.71	4.0205	0.31229	0.52095	369.68	2.0713	2.8268e-05	0.022078	vapor
121.22	0.10000	1.2184	0.82077	123.01	205.08	4.0215	0.31229	0.52095	370.02	2.0627	2.8309e-05	0.022109	vapor
121.93	0.10000	1.2162	0.82227	123.23	205.46	4.0224	0.31229	0.52095	370.35	2.0542	2.8349e-05	0.022141	vapor
122.65	0.10000	1.2139	0.82376	123.45	205.83	4.0234	0.31229	0.52095	370.69	2.0458	2.8390e-05	0.022173	vapor
123.37	0.10000	1.2117	0.82525	123.68	206.20	4.0243	0.31229	0.52094	371.02	2.0374	2.8430e-05	0.022204	vapor
124.08	0.10000	1.2096	0.82675	123.90	206.58	4.0252	0.31229	0.52094	371.36	2.0290	2.8471e-05	0.022236	vapor
124.80	0.10000	1.2074	0.82824	124.13	206.95	4.0262	0.31229	0.52094	371.69	2.0207	2.8511e-05	0.022267	vapor
125.52	0.10000	1.2052	0.82973	124.35	207.32	4.0271	0.31229	0.52094	372.03	2.0123	2.8552e-05	0.022299	vapor
126.23	0.10000	1.2030	0.83123	124.57	207.70	4.0280	0.31229	0.52093	372.36	2.0041	2.8592e-05	0.022330	vapor
126.95	0.10000	1.2009	0.83272	124.80	208.07	4.0290	0.31229	0.52093	372.70	1.9958	2.8633e-05	0.022362	vapor
127.67	0.10000	1.1987	0.83421	125.02	208.44	4.0299	0.31229	0.52093	373.03	1.9876	2.8673e-05	0.022393	vapor
128.38	0.10000	1.1966	0.83571	125.25	208.82	4.0308	0.31229	0.52093	373.37	1.9795	2.8713e-05	0.022425	vapor
129.10	0.10000	1.1945	0.83720	125.47	209.19	4.0318	0.31229	0.52092	373.70	1.9713	2.8754e-05	0.022456	vapor
129.82	0.10000	1.1923	0.83869	125.69	209.56	4.0327	0.31229	0.52092	374.03	1.9632	2.8794e-05	0.022488	vapor
130.53	0.10000	1.1902	0.84019	125.92	209.94	4.0336	0.31229	0.52092	374.36	1.9552	2.8834e-05	0.022519	vapor
131.25	0.10000	1.1881	0.84168	126.14	210.31	4.0346	0.31229	0.52092	374.70	1.9471	2.8874e-05	0.022551	vapor
131.97	0.10000	1.1860	0.84318	126.37	210.68	4.0355	0.31229	0.52091	375.03	1.9391	2.8915e-05	0.022582	vapor
132.68	0.10000	1.1839	0.84467	126.59	211.06	4.0364	0.31229	0.52091	375.36	1.9311	2.8955e-05	0.022613	vapor
133.40	0.10000	1.1818	0.84616	126.81	211.43	4.0373	0.31229	0.52091	375.69	1.9232	2.8995e-05	0.022645	vapor
134.12	0.10000	1.1797	0.84766	127.04	211.80	4.0382	0.31228	0.52091	376.02	1.9153	2.9035e-05	0.022676	vapor
134.83	0.10000	1.1777	0.84915	127.26	212.18	4.0391	0.31228	0.52090	376.35	1.9074	2.9075e-05	0.022707	vapor
135.55	0.10000	1.1756	0.85064	127.49	212.55	4.0401	0.31228	0.52090	376.68	1.8996	2.9115e-05	0.022738	vapor
136.27	0.10000	1.1735	0.85214	127.71	212.92	4.0410	0.31228	0.52090	377.01	1.8918	2.9155e-05	0.022770	vapor
136.98	0.10000	1.1715	0.85363	127.93	213.30	4.0419	0.31228	0.52090	377.34	1.8840	2.9195e-05	0.022801	vapor
137.70	0.10000	1.1694	0.85512	128.16	213.67	4.0428	0.31228	0.52090	377.67	1.8763	2.9235e-05	0.022832	vapor
138.42	0.10000	1.1674	0.85662	128.38	214.04	4.0437	0.31228	0.52089	378.00	1.8686	2.9275e-05	0.022863	vapor
139.13	0.10000	1.1654	0.85811	128.61	214.42	4.0446	0.31228	0.52089	378.33	1.8609	2.9315e-05	0.022894	vapor
139.85	0.10000	1.1633	0.85960	128.83	214.79	4.0455	0.31228	0.52089	378.66	1.8532	2.9355e-05	0.022925	vapor
140.57	0.10000	1.1613	0.86110	129.05	215.16	4.0464	0.31228	0.52089	378.99	1.8456	2.9395e-05	0.022957	vapor
141.28	0.10000	1.1593	0.86259	129.28	215.54	4.0473	0.31228	0.52088	379.32	1.8380	2.9434e-05	0.022988	vapor
142.00	0.10000	1.1573	0.86408	129.50	215.91	4.0482	0.31228	0.52088	379.65	1.8305	2.9474e-05	0.023019	vapor
142.72	0.10000	1.1553	0.86558	129.73	216.28	4.0491	0.31228	0.52088	379.97	1.8229	2.9514e-05	0.023050	vapor
143.43	0.10000	1.1533	0.86707	129.95	216.66	4.0500	0.31228	0.52088	380.30	1.8155	2.9554e-05	0.023081	vapor
144.15	0.10000	1.1513	0.86856	130.17	217.03	4.0509	0.31228	0.52088	380.63	1.8080	2.9593e-05	0.023112	vapor
144.87	0.10000	1.1494	0.87006	130.40	217.40	4.0518	0.31228	0.52087	380.95	1.8006	2.9633e-05	0.023143	vapor
145.58	0.10000	1.1474	0.87155	130.62	217.78	4.0527	0.31228	0.52087	381.28	1.7931	2.9673e-05	0.023174	vapor
146.30	0.10000	1.1454	0.87304	130.85	218.15	4.0536	0.31228	0.52087	381.61	1.7858	2.9712e-05	0.023204	vapor
147.02	0.10000	1.1435	0.87453	131.07	218.52	4.0545	0.31228	0.52087	381.93	1.7784	2.9752e-05	0.023235	vapor
147.73	0.10000	1.1415	0.87603	131.29	218.90	4.0554	0.31228	0.52086	382.26	1.7711	2.9791e-05	0.023266	vapor
148.45	0.10000	1.1396	0.87752	131.52	219.27	4.0562	0.31228	0.52086	382.58	1.7638	2.9831e-05	0.023297	vapor
149.17	0.10000	1.1376	0.87901	131.74	219.64	4.0571	0.31228	0.52086	382.91	1.7566	2.9870e-05	0.023328	vapor
149.88	0.10000	1.1357	0.88051	131.97	220.02	4.0580	0.31228	0.52086	383.23	1.7493	2.9910e-05	0.023359	vapor
150.60	0.10000	1.1338	0.88200	132.19	220.39	4.0589	0.31228	0.52086	383.56	1.7421	2.9949e-05	0.023389	vapor
151.32	0.10000	1.1319	0.88349	132.41	220.76	4.0598	0.31228	0.52085	383.88	1.7349	2.9989e-05	0.023420	vapor
152.03	0.10000	1.1300	0.88499	132.64	221.14	4.0607	0.31228	0.52085	384.21	1.7278	3.0028e-05	0.023451	vapor
152.75	0.10000	1.1281	0.88648	132.86	221.51	4.0615	0.31228	0.52085	384.53	1.7207	3.0068e-05	0.023482	vapor
153.47	0.10000	1.1262	0.88797	133.09	221.88	4.0624	0.31228	0.52085	384.85	1.7136	3.0107e-05	0.023512	vapor
154.18	0.10000	1.1243	0.88947	133.31	222.26	4.0633	0.31228	0.52085	385.18	1.7065	3.0146e-05	0.023543	vapor
154.90	0.10000	1.1224	0.89096	133.53	222.63	4.0642	0.31228	0.52084	385.50	1.6995	3.0186e-05	0.023574	vapor
155.62	0.10000	1.1205	0.89245	133.76	223.00	4.0650	0.31228	0.52084	385.82	1.6925	3.0225e-05	0.023604	vapor
156.33	0.10000	1.1186	0.89395	133.98	223.38	4.0659	0.31228	0.52084	386.15	1.6855	3.0264e-05	0.023635	vapor
157.05	0.10000	1.1168	0.89544	134.21	223.75	4.0668	0.31227	0.52084	386.47	1.6785	3.0303e-05	0.023666	vapor
157.77	0.10000	1.1149	0.89693	134.43	224.12	4.0676	0.31227	0.52084	386.79	1.6716	3.0342e-05	0.023696	vapor
158.48	0.10000	1.1131	0.89843	134.65	224.50	4.0685	0.31227	0.52083	387.11	1.6647	3.0382e-05	0.023727	vapor
159.20	0.10000	1.1112	0.89992	134.88	224.87	4.0694	0.31227	0.52083	387.43	1.6578	3.0421e-05	0.023757	vapor
159.92	0.10000	1.1094	0.90141	135.10	225.24	4.0702	0.31227	0.52083	387.75	1.6510	3.0460e-05	0.023788	vapor
160.63	0.10000	1.1075	0.90291	135.33	225.62	4.0711	0.31227	0.52083	388.07	1.6442	3.0499e-05	0.023818	vapor
161.35	0.10000	1.1057	0.90440	135.55	225.99	4.0719	0.31227	0.52083	388.39	1.6374	3.0538e-05	0.023849	vapor
162.07	0.10000	1.1039	0.90589	135.77	226.36	4.0728	0.31227	0.52082	388.72	1.6306	3.0577e-05	0.023879	vapor
162.78	0.10000	1.1021	0.90738	136.00	226.74	4.0737	0.31227	0.52082	389.04	1.6239	3.0616e-05	0.023909	vapor
163.50	0.10000	1.1003	0.90888	136.22	227.11	4.0745	0.31227	0.52082	389.35	1.6172	3.0655e-05	0.023940	vapor
164.22	0.10000	1.0985	0.91037	136.44	227.48	4.0754	0.31227	0.52082	389.67	1.6105	3.0694e-05	0.023970	vapor
164.93	0.10000	1.0967	0.91186	136.67	227.86	4.0762	0.31227	0.52082	389.99	1.6038	3.0733e-05	0.024001	vapor
165.65	0.10000	1.0949	0.91336	136.89	228.23	4.0771	0.31227	0.52082	390.31	1.5972	3.0772e-05	0.024031	vapor
166.37	0.10000	1.0931	0.91485	137.12	228.60	4.0779	0.31227	0.52081	390.63	1.5905	3.0810e-05	0.024061	vapor
167.08	0.10000	1.0913	0.91634	137.34	228.97	4.0788	0.31227	0.52081	390.95	1.5840	3.0849e-05	0.024092	vapor
167.80	0.10000	1.0895	0.91784	137.56	229.35	4.0796	0.31227	0.52081	391.27	1.5774	3.0888e-05	0.024122	vapor
168.52	0.10000	1.0877	0.91933	137.79	229.72	4.0805	0.31227	0.52081	391.59	1.5709	3.0927e-05	0.024152	vapor
169.23	0.10000	1.0860	0.92082	138.01	230.09	4.0813	0.31227	0.52081	391.90	1.5643	3.0966e-05	0.024182	vapor
169.95	0.10000	1.0842	0.92232	138.24	230.47	4.0822	0.31227	0.52080	392.22	1.5578	3.1004e-05	0.024213	vapor
170.67	0.10000	1.0825	0.92381	138.46	230.84	4.0830	0.31227	0.52080	392.54	1.5514	3.1043e-05	0.024243	vapor
171.38	0.10000	1.0807	0.92530	138.68	231.21	4.0838	0.31227	0.52080	392.85	1.5449	3.1082e-05	0.024273	vapor
172.10	0.10000	1.0790	0.92679	138.91	231.59	4.0847	0.31227	0.52080	393.17	1.5385	3.1120e-05	0.024303	vapor
172.82	0.10000	1.0773	0.92829	139.13	231.96	4.0855	0.31227	0.52080	393.49	1.5321	3.1159e-05	0.024333	vapor
173.53	0.10000	1.0755	0.92978	139.36	232.33	4.0863	0.31227	0.52080	393.80	1.5258	3.1197e-05	0.024363	vapor
174.25	0.10000	1.0738	0.93127	139.58	232.71	4.0872	0.31227	0.52079	394.12	1.5194	3.1236e-05	0.024393	vapor
174.97	0.10000	1.0721	0.93277	139.80	233.08	4.0880	0.31227	0.52079	394.43	1.5131	3.1275e-05	0.024423	vapor
175.68	0.10000	1.0704	0.93426	140.03	233.45	4.0888	0.31227	0.52079	394.75	1.5068	3.1313e-05	0.024454	vapor
176.40	0.10000	1.0687	0.93575	140.25	233.83	4.0897	0.31227	0.52079	395.07	1.5005	3.1352e-05	0.024484	vapor
177.12	0.10000	1.0670	0.93725	140.48	234.20	4.0905	0.31227	0.52079	395.38	1.4943	3.1390e-05	0.024514	vapor
177.83	0.10000	1.0653	0.93874	140.70	234.57	4.0913	0.31227	0.52079	395.69	1.4880	3.1428e-05	0.024544	vapor
178.55	0.10000	1.0636	0.94023	140.92	234.95	4.0922	0.31227	0.52078	396.01	1.4818	3.1467e-05	0.024574	vapor
179.27	0.10000	1.0619	0.94172	141.15	235.32	4.0930	0.31227	0.52078	396.32	1.4756	3.1505e-05	0.024603	vapor
179.98	0.10000	1.0602	0.94322	141.37	235.69	4.0938	0.31227	0.52078	396.64	1.4695	3.1544e-05	0.024633	vapor
180.70	0.10000	1.0585	0.94471	141.60	236.07	4.0946	0.31227	0.52078	396.95	1.4633	3.1582e-05	0.024663	vapor
181.42	0.10000	1.0569	0.94620	141.82	236.44	4.0955	0.31227	0.52078	397.26	1.4572	3.1620e-05	0.024693	vapor
182.13	0.10000	1.0552	0.94770	142.04	236.81	4.0963	0.31227	0.52078	397.58	1.4511	3.1659e-05	0.024723	vapor
182.85	0.10000	1.0535	0.94919	142.27	237.19	4.0971	0.31227	0.52077	397.89	1.4450	3.1697e-05	0.024753	vapor
183.57	0.10000	1.0519	0.95068	142.49	237.56	4.0979	0.31227	0.52077	398.20	1.4390	3.1735e-05	0.024783	vapor
184.28	0.10000	1.0502	0.95218	142.71	237.93	4.0987	0.31227	0.52077	398.51	1.4330	3.1773e-05	0.024813	vapor
185.00	0.10000	1.0486	0.95367	142.94	238.31	4.0995	0.31227	0.52077	398.83	1.4270	3.1811e-05	0.024842	vapor
185.72	0.10000	1.0469	0.95516	143.16	238.68	4.1004	0.31226	0.52077	399.14	1.4210	3.1850e-05	0.024872	vapor
186.43	0.10000	1.0453	0.95665	143.39	239.05	4.1012	0.31226	0.52077	399.45	1.4150	3.1888e-05	0.024902	vapor
187.15	0.10000	1.0437	0.95815	143.61	239.43	4.1020	0.31226	0.52076	399.76	1.4091	3.1926e-05	0.024932	vapor
187.87	0.10000	1.0421	0.95964	143.83	239.80	4.1028	0.31226	0.52076	400.07	1.4032	3.1964e-05	0.024961	vapor
188.58	0.10000	1.0404	0.96113	144.06	240.17	4.1036	0.31226	0.52076	400.38	1.3973	3.2002e-05	0.024991	vapor
189.30	0.10000	1.0388	0.96263	144.28	240.54	4.1044	0.31226	0.52076	400.69	1.3914	3.2040e-05	0.025021	vapor
190.02	0.10000	1.0372	0.96412	144.51	240.92	4.1052	0.31226	0.52076	401.00	1.3855	3.2078e-05	0.025050	vapor
190.73	0.10000	1.0356	0.96561	144.73	241.29	4.1060	0.31226	0.52076	401.31	1.3797	3.2116e-05	0.025080	vapor
191.45	0.10000	1.0340	0.96711	144.95	241.66	4.1068	0.31226	0.52076	401.62	1.3739	3.2154e-05	0.025110	vapor
192.17	0.10000	1.0324	0.96860	145.18	242.04	4.1076	0.31226	0.52075	401.93	1.3681	3.2192e-05	0.025139	vapor
192.88	0.10000	1.0308	0.97009	145.40	242.41	4.1084	0.31226	0.52075	402.24	1.3623	3.2230e-05	0.025169	vapor
193.60	0.10000	1.0292	0.97158	145.63	242.78	4.1092	0.31226	0.52075	402.55	1.3565	3.2268e-05	0.025198	vapor
194.32	0.10000	1.0277	0.97308	145.85	243.16	4.1100	0.31226	0.52075	402.86	1.3508	3.2305e-05	0.025228	vapor
195.03	0.10000	1.0261	0.97457	146.07	243.53	4.1108	0.31226	0.52075	403.17	1.3451	3.2343e-05	0.025257	vapor
195.75	0.10000	1.0245	0.97606	146.30	243.90	4.1116	0.31226	0.52075	403.48	1.3394	3.2381e-05	0.025287	vapor
196.47	0.10000	1.0230	0.97756	146.52	244.28	4.1124	0.31226	0.52075	403.79	1.3337	3.2419e-05	0.025316	vapor
197.18	0.10000	1.0214	0.97905	146.75	244.65	4.1132	0.31226	0.52074	404.09	1.3281	3.2457e-05	0.025346	vapor
197.90	0.10000	1.0198	0.98054	146.97	245.02	4.1140	0.31226	0.52074	404.40	1.3225	3.2494e-05	0.025375	vapor
198.62	0.10000	1.0183	0.98203	147.19	245.40	4.1148	0.31226	0.52074	404.71	1.3168	3.2532e-05	0.025405	vapor
199.33	0.10000	1.0167	0.98353	147.42	245.77	4.1156	0.31226	0.52074	405.02	1.3113	3.2570e-05	0.025434	vapor
200.05	0.10000	1.0152	0.98502	147.64	246.14	4.1164	0.31226	0.52074	405.32	1.3057	3.2607e-05	0.025463	vapor
200.77	0.10000	1.0137	0.98651	147.86	246.52	4.1172	0.31226	0.52074	405.63	1.3001	3.2645e-05	0.025493	vapor
201.48	0.10000	1.0121	0.98801	148.09	246.89	4.1180	0.31226	0.52074	405.94	1.2946	3.2683e-05	0.025522	vapor
202.20	0.10000	1.0106	0.98950	148.31	247.26	4.1187	0.31226	0.52073	406.24	1.2891	3.2720e-05	0.025551	vapor
202.92	0.10000	1.0091	0.99099	148.54	247.64	4.1195	0.31226	0.52073	406.55	1.2836	3.2758e-05	0.025581	vapor
203.63	0.10000	1.0076	0.99248	148.76	248.01	4.1203	0.31226	0.52073	406.86	1.2781	3.2795e-05	0.025610	vapor
204.35	0.10000	1.0061	0.99398	148.98	248.38	4.1211	0.31226	0.52073	407.16	1.2727	3.2833e-05	0.025639	vapor
205.07	0.10000	1.0046	0.99547	149.21	248.76	4.1219	0.31226	0.52073	407.47	1.2672	3.2870e-05	0.025669	vapor
205.78	0.10000	1.0030	0.99696	149.43	249.13	4.1227	0.31226	0.52073	407.77	1.2618	3.2908e-05	0.025698	vapor
206.50	0.10000	1.0015	0.99846	149.66	249.50	4.1234	0.31226	0.52073	408.08	1.2564	3.2945e-05	0.025727	vapor
207.22	0.10000	1.0001	0.99995	149.88	249.87	4.1242	0.31226	0.52072	408.38	1.2510	3.2983e-05	0.025756	vapor
207.93	0.10000	0.99856	1.0014	150.10	250.25	4.1250	0.31226	0.52072	408.69	1.2457	3.3020e-05	0.025785	vapor
208.65	0.10000	0.99708	1.0029	150.33	250.62	4.1258	0.31226	0.52072	408.99	1.2403	3.3057e-05	0.025815	vapor
209.37	0.10000	0.99559	1.0044	150.55	250.99	4.1265	0.31226	0.52072	409.29	1.2350	3.3095e-05	0.025844	vapor
210.08	0.10000	0.99412	1.0059	150.78	251.37	4.1273	0.31226	0.52072	409.60	1.2297	3.3132e-05	0.025873	vapor
210.80	0.10000	0.99264	1.0074	151.00	251.74	4.1281	0.31226	0.52072	409.90	1.2244	3.3169e-05	0.025902	vapor
211.52	0.10000	0.99117	1.0089	151.22	252.11	4.1288	0.31226	0.52072	410.21	1.2191	3.3207e-05	0.025931	vapor
212.23	0.10000	0.98971	1.0104	151.45	252.49	4.1296	0.31226	0.52071	410.51	1.2139	3.3244e-05	0.025960	vapor
212.95	0.10000	0.98825	1.0119	151.67	252.86	4.1304	0.31226	0.52071	410.81	1.2086	3.3281e-05	0.025989	vapor
213.67	0.10000	0.98679	1.0134	151.90	253.23	4.1312	0.31226	0.52071	411.11	1.2034	3.3318e-05	0.026018	vapor
214.38	0.10000	0.98534	1.0149	152.12	253.61	4.1319	0.31226	0.52071	411.42	1.1982	3.3355e-05	0.026047	vapor
215.10	0.10000	0.98390	1.0164	152.34	253.98	4.1327	0.31226	0.52071	411.72	1.1930	3.3393e-05	0.026076	vapor
215.82	0.10000	0.98245	1.0179	152.57	254.35	4.1334	0.31226	0.52071	412.02	1.1879	3.3430e-05	0.026105	vapor
216.53	0.10000	0.98101	1.0194	152.79	254.73	4.1342	0.31226	0.52071	412.32	1.1827	3.3467e-05	0.026134	vapor
217.25	0.10000	0.97958	1.0208	153.01	255.10	4.1350	0.31226	0.52071	412.62	1.1776	3.3504e-05	0.026163	vapor
217.97	0.10000	0.97815	1.0223	153.24	255.47	4.1357	0.31226	0.52070	412.93	1.1725	3.3541e-05	0.026192	vapor
218.68	0.10000	0.97672	1.0238	153.46	255.85	4.1365	0.31226	0.52070	413.23	1.1674	3.3578e-05	0.026221	vapor
219.40	0.10000	0.97530	1.0253	153.69	256.22	4.1372	0.31226	0.52070	413.53	1.1623	3.3615e-05	0.026250	vapor
220.12	0.10000	0.97388	1.0268	153.91	256.59	4.1380	0.31226	0.52070	413.83	1.1572	3.3652e-05	0.026279	vapor
220.83	0.10000	0.97247	1.0283	154.13	256.97	4.1388	0.31226	0.52070	414.13	1.1522	3.3689e-05	0.026307	vapor
221.55	0.10000	0.97106	1.0298	154.36	257.34	4.1395	0.31226	0.52070	414.43	1.1472	3.3726e-05	0.026336	vapor
222.27	0.10000	0.96965	1.0313	154.58	257.71	4.1403	0.31226	0.52070	414.73	1.1421	3.3763e-05	0.026365	vapor
222.98	0.10000	0.96825	1.0328	154.81	258.08	4.1410	0.31226	0.52070	415.03	1.1371	3.3800e-05	0.026394	vapor
223.70	0.10000	0.96685	1.0343	155.03	258.46	4.1418	0.31226	0.52069	415.33	1.1322	3.3837e-05	0.026423	vapor
224.42	0.10000	0.96546	1.0358	155.25	258.83	4.1425	0.31225	0.52069	415.63	1.1272	3.3873e-05	0.026451	vapor
225.13	0.10000	0.96407	1.0373	155.48	259.20	4.1433	0.31225	0.52069	415.93	1.1223	3.3910e-05	0.026480	vapor
225.85	0.10000	0.96269	1.0388	155.70	259.58	4.1440	0.31225	0.52069	416.23	1.1173	3.3947e-05	0.026509	vapor
226.57	0.10000	0.96131	1.0403	155.93	259.95	4.1448	0.31225	0.52069	416.53	1.1124	3.3984e-05	0.026538	vapor
227.28	0.10000	0.95993	1.0417	156.15	260.32	4.1455	0.31225	0.52069	416.82	1.1075	3.4021e-05	0.026566	vapor
228.00	0.10000	0.95855	1.0432	156.37	260.70	4.1463	0.31225	0.52069	417.12	1.1026	3.4057e-05	0.026595	vapor
228.72	0.10000	0.95718	1.0447	156.60	261.07	4.1470	0.31225	0.52069	417.42	1.0978	3.4094e-05	0.026624	vapor
229.43	0.10000	0.95582	1.0462	156.82	261.44	4.1477	0.31225	0.52069	417.72	1.0929	3.4131e-05	0.026652	vapor
230.15	0.10000	0.95446	1.0477	157.04	261.82	4.1485	0.31225	0.52068	418.02	1.0881	3.4167e-05	0.026681	vapor
230.87	0.10000	0.95310	1.0492	157.27	262.19	4.1492	0.31225	0.52068	418.31	1.0833	3.4204e-05	0.026709	vapor
231.58	0.10000	0.95175	1.0507	157.49	262.56	4.1500	0.31225	0.52068	418.61	1.0785	3.4241e-05	0.026738	vapor
232.30	0.10000	0.95040	1.0522	157.72	262.94	4.1507	0.31225	0.52068	418.91	1.0737	3.4277e-05	0.026766	vapor
233.02	0.10000	0.94905	1.0537	157.94	263.31	4.1514	0.31225	0.52068	419.20	1.0689	3.4314e-05	0.026795	vapor
233.73	0.10000	0.94771	1.0552	158.16	263.68	4.1522	0.31225	0.52068	419.50	1.0642	3.4350e-05	0.026824	vapor
234.45	0.10000	0.94637	1.0567	158.39	264.06	4.1529	0.31225	0.52068	419.80	1.0594	3.4387e-05	0.026852	vapor
235.17	0.10000	0.94503	1.0582	158.61	264.43	4.1537	0.31225	0.52068	420.09	1.0547	3.4424e-05	0.026881	vapor
235.88	0.10000	0.94370	1.0597	158.84	264.80	4.1544	0.31225	0.52068	420.39	1.0500	3.4460e-05	0.026909	vapor
236.60	0.10000	0.94237	1.0611	159.06	265.17	4.1551	0.31225	0.52067	420.69	1.0453	3.4496e-05	0.026937	vapor
237.32	0.10000	0.94105	1.0626	159.28	265.55	4.1559	0.31225	0.52067	420.98	1.0406	3.4533e-05	0.026966	vapor
238.03	0.10000	0.93973	1.0641	159.51	265.92	4.1566	0.31225	0.52067	421.28	1.0360	3.4569e-05	0.026994	vapor
238.75	0.10000	0.93841	1.0656	159.73	266.29	4.1573	0.31225	0.52067	421.57	1.0313	3.4606e-05	0.027023	vapor
239.47	0.10000	0.93710	1.0671	159.96	266.67	4.1580	0.31225	0.52067	421.87	1.0267	3.4642e-05	0.027051	vapor
240.18	0.10000	0.93579	1.0686	160.18	267.04	4.1588	0.31225	0.52067	422.16	1.0221	3.4678e-05	0.027079	vapor
240.90	0.10000	0.93449	1.0701	160.40	267.41	4.1595	0.31225	0.52067	422.46	1.0175	3.4715e-05	0.027108	vapor
241.62	0.10000	0.93319	1.0716	160.63	267.79	4.1602	0.31225	0.52067	422.75	1.0129	3.4751e-05	0.027136	vapor
242.33	0.10000	0.93189	1.0731	160.85	268.16	4.1609	0.31225	0.52067	423.04	1.0083	3.4787e-05	0.027164	vapor
243.05	0.10000	0.93059	1.0746	161.07	268.53	4.1617	0.31225	0.52066	423.34	1.0038	3.4824e-05	0.027193	vapor
243.77	0.10000	0.92930	1.0761	161.30	268.91	4.1624	0.31225	0.52066	423.63	0.99923	3.4860e-05	0.027221	vapor
244.48	0.10000	0.92801	1.0776	161.52	269.28	4.1631	0.31225	0.52066	423.93	0.99470	3.4896e-05	0.027249	vapor
245.20	0.10000	0.92673	1.0791	161.75	269.65	4.1638	0.31225	0.52066	424.22	0.99019	3.4932e-05	0.027278	vapor
245.92	0.10000	0.92545	1.0806	161.97	270.03	4.1646	0.31225	0.52066	424.51	0.98569	3.4969e-05	0.027306	vapor
246.63	0.10000	0.92417	1.0820	162.19	270.40	4.1653	0.31225	0.52066	424.80	0.98121	3.5005e-05	0.027334	vapor
247.35	0.10000	0.92290	1.0835	162.42	270.77	4.1660	0.31225	0.52066	425.10	0.97674	3.5041e-05	0.027362	vapor
248.07	0.10000	0.92163	1.0850	162.64	271.15	4.1667	0.31225	0.52066	425.39	0.97228	3.5077e-05	0.027390	vapor
248.78	0.10000	0.92037	1.0865	162.87	271.52	4.1674	0.31225	0.52066	425.68	0.96784	3.5113e-05	0.027419	vapor
249.50	0.10000	0.91910	1.0880	163.09	271.89	4.1681	0.31225	0.52065	425.97	0.96341	3.5149e-05	0.027447	vapor
250.22	0.10000	0.91784	1.0895	163.31	272.26	4.1688	0.31225	0.52065	426.27	0.95899	3.5185e-05	0.027475	vapor
250.93	0.10000	0.91659	1.0910	163.54	272.64	4.1696	0.31225	0.52065	426.56	0.95459	3.5221e-05	0.027503	vapor
251.65	0.10000	0.91534	1.0925	163.76	273.01	4.1703	0.31225	0.52065	426.85	0.95020	3.5257e-05	0.027531	vapor
252.37	0.10000	0.91409	1.0940	163.99	273.38	4.1710	0.31225	0.52065	427.14	0.94583	3.5293e-05	0.027559	vapor
253.08	0.10000	0.91284	1.0955	164.21	273.76	4.1717	0.31225	0.52065	427.43	0.94147	3.5329e-05	0.027587	vapor
253.80	0.10000	0.91160	1.0970	164.43	274.13	4.1724	0.31225	0.52065	427.72	0.93713	3.5365e-05	0.027615	vapor
254.52	0.10000	0.91036	1.0985	164.66	274.50	4.1731	0.31225	0.52065	428.01	0.93279	3.5401e-05	0.027643	vapor
255.23	0.10000	0.90913	1.1000	164.88	274.88	4.1738	0.31225	0.52065	428.30	0.92848	3.5437e-05	0.027671	vapor
255.95	0.10000	0.90789	1.1015	165.10	275.25	4.1745	0.31225	0.52065	428.59	0.92417	3.5473e-05	0.027699	vapor
256.67	0.10000	0.90667	1.1029	165.33	275.62	4.1752	0.31225	0.52064	428.88	0.91988	3.5509e-05	0.027727	vapor
257.38	0.10000	0.90544	1.1044	165.55	276.00	4.1759	0.31225	0.52064	429.17	0.91560	3.5544e-05	0.027755	vapor
258.10	0.10000	0.90422	1.1059	165.78	276.37	4.1766	0.31225	0.52064	429.46	0.91133	3.5580e-05	0.027783	vapor
258.82	0.10000	0.90300	1.1074	166.00	276.74	4.1773	0.31225	0.52064	429.75	0.90708	3.5616e-05	0.027811	vapor
259.53	0.10000	0.90178	1.1089	166.22	277.12	4.1780	0.31225	0.52064	430.04	0.90284	3.5652e-05	0.027839	vapor
260.25	0.10000	0.90057	1.1104	166.45	277.49	4.1787	0.31225	0.52064	430.33	0.89862	3.5688e-05	0.027867	vapor
260.97	0.10000	0.89936	1.1119	166.67	277.86	4.1794	0.31225	0.52064	430.62	0.89441	3.5723e-05	0.027895	vapor
261.68	0.10000	0.89816	1.1134	166.90	278.23	4.1801	0.31225	0.52064	430.91	0.89021	3.5759e-05	0.027923	vapor
262.40	0.10000	0.89695	1.1149	167.12	278.61	4.1808	0.31225	0.52064	431.20	0.88602	3.5795e-05	0.027951	vapor
263.12	0.10000	0.89576	1.1164	167.34	278.98	4.1815	0.31225	0.52064	431.49	0.88185	3.5830e-05	0.027978	vapor
263.83	0.10000	0.89456	1.1179	167.57	279.35	4.1822	0.31225	0.52064	431.77	0.87769	3.5866e-05	0.028006	vapor
264.55	0.10000	0.89337	1.1194	167.79	279.73	4.1829	0.31225	0.52063	432.06	0.87354	3.5902e-05	0.028034	vapor
265.27	0.10000	0.89218	1.1209	168.01	280.10	4.1836	0.31225	0.52063	432.35	0.86940	3.5937e-05	0.028062	vapor
265.98	0.10000	0.89099	1.1223	168.24	280.47	4.1843	0.31225	0.52063	432.64	0.86528	3.5973e-05	0.028090	vapor
266.70	0.10000	0.88981	1.1238	168.46	280.85	4.1850	0.31225	0.52063	432.93	0.86117	3.6008e-05	0.028117	vapor
267.42	0.10000	0.88863	1.1253	168.69	281.22	4.1857	0.31225	0.52063	433.21	0.85707	3.6044e-05	0.028145	vapor
268.13	0.10000	0.88745	1.1268	168.91	281.59	4.1864	0.31225	0.52063	433.50	0.85299	3.6079e-05	0.028173	vapor
268.85	0.10000	0.88628	1.1283	169.13	281.97	4.1871	0.31225	0.52063	433.79	0.84891	3.6115e-05	0.028200	vapor
269.57	0.10000	0.88511	1.1298	169.36	282.34	4.1877	0.31225	0.52063	434.07	0.84485	3.6150e-05	0.028228	vapor
270.28	0.10000	0.88394	1.1313	169.58	282.71	4.1884	0.31225	0.52063	434.36	0.84081	3.6186e-05	0.028256	vapor
271.00	0.10000	0.88277	1.1328	169.81	283.09	4.1891	0.31225	0.52063	434.65	0.83677	3.6221e-05	0.028283	vapor
271.72	0.10000	0.88161	1.1343	170.03	283.46	4.1898	0.31225	0.52063	434.93	0.83275	3.6257e-05	0.028311	vapor
272.43	0.10000	0.88045	1.1358	170.25	283.83	4.1905	0.31225	0.52062	435.22	0.82873	3.6292e-05	0.028339	vapor
273.15	0.10000	0.87930	1.1373	170.48	284.20	4.1912	0.31225	0.52062	435.50	0.82474	3.6328e-05	0.028366	vapor
273.87	0.10000	0.87815	1.1388	170.70	284.58	4.1919	0.31225	0.52062	435.79	0.82075	3.6363e-05	0.028394	vapor
274.58	0.10000	0.87700	1.1403	170.93	284.95	4.1925	0.31225	0.52062	436.07	0.81677	3.6398e-05	0.028421	vapor
275.30	0.10000	0.87585	1.1417	171.15	285.32	4.1932	0.31225	0.52062	436.36	0.81281	3.6434e-05	0.028449	vapor
276.02	0.10000	0.87471	1.1432	171.37	285.70	4.1939	0.31225	0.52062	436.64	0.80886	3.6469e-05	0.028477	vapor
276.73	0.10000	0.87357	1.1447	171.60	286.07	4.1946	0.31225	0.52062	436.93	0.80492	3.6504e-05	0.028504	vapor
277.45	0.10000	0.87243	1.1462	171.82	286.44	4.1953	0.31224	0.52062	437.21	0.80099	3.6539e-05	0.028532	vapor
278.17	0.10000	0.87129	1.1477	172.04	286.82	4.1959	0.31224	0.52062	437.50	0.79708	3.6575e-05	0.028559	vapor
278.88	0.10000	0.87016	1.1492	172.27	287.19	4.1966	0.31224	0.52062	437.78	0.79317	3.6610e-05	0.028587	vapor
279.60	0.10000	0.86903	1.1507	172.49	287.56	4.1973	0.31224	0.52062	438.07	0.78928	3.6645e-05	0.028614	vapor
280.32	0.10000	0.86791	1.1522	172.72	287.94	4.1980	0.31224	0.52062	438.35	0.78540	3.6680e-05	0.028641	vapor
281.03	0.10000	0.86679	1.1537	172.94	288.31	4.1986	0.31224	0.52061	438.63	0.78153	3.6715e-05	0.028669	vapor
281.75	0.10000	0.86567	1.1552	173.16	288.68	4.1993	0.31224	0.52061	438.92	0.77767	3.6751e-05	0.028696	vapor
282.47	0.10000	0.86455	1.1567	173.39	289.05	4.2000	0.31224	0.52061	439.20	0.77382	3.6786e-05	0.028724	vapor
283.18	0.10000	0.86343	1.1582	173.61	289.43	4.2006	0.31224	0.52061	439.48	0.76999	3.6821e-05	0.028751	vapor
283.90	0.10000	0.86232	1.1597	173.84	289.80	4.2013	0.31224	0.52061	439.77	0.76616	3.6856e-05	0.028778	vapor
284.62	0.10000	0.86121	1.1612	174.06	290.17	4.2020	0.31224	0.52061	440.05	0.76235	3.6891e-05	0.028806	vapor
285.33	0.10000	0.86011	1.1626	174.28	290.55	4.2027	0.31224	0.52061	440.33	0.75855	3.6926e-05	0.028833	vapor
286.05	0.10000	0.85901	1.1641	174.51	290.92	4.2033	0.31224	0.52061	440.61	0.75476	3.6961e-05	0.028860	vapor
286.77	0.10000	0.85791	1.1656	174.73	291.29	4.2040	0.31224	0.52061	440.90	0.75098	3.6996e-05	0.028888	vapor
287.48	0.10000	0.85681	1.1671	174.95	291.67	4.2047	0.31224	0.52061	441.18	0.74721	3.7031e-05	0.028915	vapor
288.20	0.10000	0.85572	1.1686	175.18	292.04	4.2053	0.31224	0.52061	441.46	0.74346	3.7066e-05	0.028942	vapor
288.92	0.10000	0.85462	1.1701	175.40	292.41	4.2060	0.31224	0.52061	441.74	0.73971	3.7101e-05	0.028970	vapor
289.63	0.10000	0.85354	1.1716	175.63	292.79	4.2067	0.31224	0.52060	442.02	0.73598	3.7136e-05	0.028997	vapor
290.35	0.10000	0.85245	1.1731	175.85	293.16	4.2073	0.31224	0.52060	442.30	0.73225	3.7171e-05	0.029024	vapor
291.07	0.10000	0.85137	1.1746	176.07	293.53	4.2080	0.31224	0.52060	442.59	0.72854	3.7205e-05	0.029051	vapor
291.78	0.10000	0.85029	1.1761	176.30	293.91	4.2086	0.31224	0.52060	442.87	0.72484	3.7240e-05	0.029079	vapor
292.50	0.10000	0.84921	1.1776	176.52	294.28	4.2093	0.31224	0.52060	443.15	0.72115	3.7275e-05	0.029106	vapor
293.22	0.10000	0.84813	1.1791	176.75	294.65	4.2100	0.31224	0.52060	443.43	0.71747	3.7310e-05	0.029133	vapor
293.93	0.10000	0.84706	1.1806	176.97	295.02	4.2106	0.31224	0.52060	443.71	0.71380	3.7345e-05	0.029160	vapor
294.65	0.10000	0.84599	1.1820	177.19	295.40	4.2113	0.31224	0.52060	443.99	0.71014	3.7380e-05	0.029187	vapor
295.37	0.10000	0.84492	1.1835	177.42	295.77	4.2119	0.31224	0.52060	444.27	0.70649	3.7414e-05	0.029214	vapor
296.08	0.10000	0.84386	1.1850	177.64	296.14	4.2126	0.31224	0.52060	444.55	0.70285	3.7449e-05	0.029241	vapor
296.80	0.10000	0.84280	1.1865	177.86	296.52	4.2132	0.31224	0.52060	444.83	0.69922	3.7484e-05	0.029268	vapor
297.52	0.10000	0.84174	1.1880	178.09	296.89	4.2139	0.31224	0.52060	445.11	0.69561	3.7518e-05	0.029296	vapor
298.23	0.10000	0.84068	1.1895	178.31	297.26	4.2145	0.31224	0.52060	445.39	0.69200	3.7553e-05	0.029323	vapor
298.95	0.10000	0.83963	1.1910	178.54	297.64	4.2152	0.31224	0.52059	445.67	0.68840	3.7588e-05	0.029350	vapor
299.67	0.10000	0.83858	1.1925	178.76	298.01	4.2159	0.31224	0.52059	445.94	0.68482	3.7622e-05	0.029377	vapor
300.38	0.10000	0.83753	1.1940	178.98	298.38	4.2165	0.31224	0.52059	446.22	0.68124	3.7657e-05	0.029404	vapor
301.10	0.10000	0.83649	1.1955	179.21	298.76	4.2172	0.31224	0.52059	446.50	0.67768	3.7692e-05	0.029431	vapor
301.82	0.10000	0.83544	1.1970	179.43	299.13	4.2178	0.31224	0.52059	446.78	0.67412	3.7726e-05	0.029458	vapor
302.53	0.10000	0.83440	1.1985	179.66	299.50	4.2184	0.31224	0.52059	447.06	0.67058	3.7761e-05	0.029485	vapor
303.25	0.10000	0.83337	1.2000	179.88	299.87	4.2191	0.31224	0.52059	447.34	0.66704	3.7795e-05	0.029512	vapor
303.97	0.10000	0.83233	1.2014	180.10	300.25	4.2197	0.31224	0.52059	447.61	0.66352	3.7830e-05	0.029539	vapor
304.68	0.10000	0.83130	1.2029	180.33	300.62	4.2204	0.31224	0.52059	447.89	0.66000	3.7864e-05	0.029566	vapor
305.40	0.10000	0.83027	1.2044	180.55	300.99	4.2210	0.31224	0.52059	448.17	0.65650	3.7899e-05	0.029592	vapor
306.12	0.10000	0.82924	1.2059	180.77	301.37	4.2217	0.31224	0.52059	448.45	0.65300	3.7933e-05	0.029619	vapor
306.83	0.10000	0.82822	1.2074	181.00	301.74	4.2223	0.31224	0.52059	448.72	0.64952	3.7968e-05	0.029646	vapor
307.55	0.10000	0.82719	1.2089	181.22	302.11	4.2230	0.31224	0.52059	449.00	0.64604	3.8002e-05	0.029673	vapor
308.27	0.10000	0.82617	1.2104	181.45	302.49	4.2236	0.31224	0.52058	449.28	0.64258	3.8037e-05	0.029700	vapor
308.98	0.10000	0.82516	1.2119	181.67	302.86	4.2242	0.31224	0.52058	449.56	0.63912	3.8071e-05	0.029727	vapor
309.70	0.10000	0.82414	1.2134	181.89	303.23	4.2249	0.31224	0.52058	449.83	0.63568	3.8105e-05	0.029754	vapor
310.42	0.10000	0.82313	1.2149	182.12	303.61	4.2255	0.31224	0.52058	450.11	0.63224	3.8140e-05	0.029780	vapor
311.13	0.10000	0.82212	1.2164	182.34	303.98	4.2262	0.31224	0.52058	450.38	0.62881	3.8174e-05	0.029807	vapor
311.85	0.10000	0.82111	1.2179	182.57	304.35	4.2268	0.31224	0.52058	450.66	0.62540	3.8209e-05	0.029834	vapor
312.57	0.10000	0.82011	1.2194	182.79	304.72	4.2274	0.31224	0.52058	450.94	0.62199	3.8243e-05	0.029861	vapor
313.28	0.10000	0.81910	1.2208	183.01	305.10	4.2281	0.31224	0.52058	451.21	0.61859	3.8277e-05	0.029888	vapor
314.00	0.10000	0.81810	1.2223	183.24	305.47	4.2287	0.31224	0.52058	451.49	0.61520	3.8311e-05	0.029914	vapor
314.72	0.10000	0.81711	1.2238	183.46	305.84	4.2294	0.31224	0.52058	451.76	0.61183	3.8346e-05	0.029941	vapor
315.43	0.10000	0.81611	1.2253	183.68	306.22	4.2300	0.31224	0.52058	452.04	0.60846	3.8380e-05	0.029968	vapor
316.15	0.10000	0.81512	1.2268	183.91	306.59	4.2306	0.31224	0.52058	452.31	0.60510	3.8414e-05	0.029994	vapor
316.87	0.10000	0.81413	1.2283	184.13	306.96	4.2313	0.31224	0.52058	452.59	0.60175	3.8448e-05	0.030021	vapor
317.58	0.10000	0.81314	1.2298	184.36	307.34	4.2319	0.31224	0.52058	452.86	0.59841	3.8482e-05	0.030048	vapor
318.30	0.10000	0.81215	1.2313	184.58	307.71	4.2325	0.31224	0.52058	453.14	0.59508	3.8517e-05	0.030074	vapor
319.02	0.10000	0.81117	1.2328	184.80	308.08	4.2331	0.31224	0.52057	453.41	0.59175	3.8551e-05	0.030101	vapor
319.73	0.10000	0.81019	1.2343	185.03	308.46	4.2338	0.31224	0.52057	453.69	0.58844	3.8585e-05	0.030128	vapor
320.45	0.10000	0.80921	1.2358	185.25	308.83	4.2344	0.31224	0.52057	453.96	0.58514	3.8619e-05	0.030154	vapor
321.17	0.10000	0.80824	1.2373	185.48	309.20	4.2350	0.31224	0.52057	454.23	0.58184	3.8653e-05	0.030181	vapor
321.88	0.10000	0.80726	1.2388	185.70	309.57	4.2357	0.31224	0.52057	454.51	0.57856	3.8687e-05	0.030207	vapor
322.60	0.10000	0.80629	1.2402	185.92	309.95	4.2363	0.31224	0.52057	454.78	0.57528	3.8721e-05	0.030234	vapor
323.32	0.10000	0.80532	1.2417	186.15	310.32	4.2369	0.31224	0.52057	455.05	0.57201	3.8755e-05	0.030261	vapor
324.03	0.10000	0.80435	1.2432	186.37	310.69	4.2375	0.31224	0.52057	455.33	0.56875	3.8789e-05	0.030287	vapor
324.75	0.10000	0.80339	1.2447	186.59	311.07	4.2382	0.31224	0.52057	455.60	0.56550	3.8823e-05	0.030314	vapor
325.47	0.10000	0.80243	1.2462	186.82	311.44	4.2388	0.31224	0.52057	455.87	0.56226	3.8857e-05	0.030340	vapor
326.18	0.10000	0.80147	1.2477	187.04	311.81	4.2394	0.31224	0.52057	456.15	0.55903	3.8891e-05	0.030367	vapor
326.90	0.10000	0.80051	1.2492	187.27	312.19	4.2400	0.31224	0.52057	456.42	0.55581	3.8925e-05	0.030393	vapor
327.62	0.10000	0.79956	1.2507	187.49	312.56	4.2407	0.31224	0.52057	456.69	0.55260	3.8959e-05	0.030420	vapor
328.33	0.10000	0.79860	1.2522	187.71	312.93	4.2413	0.31224	0.52057	456.96	0.54939	3.8993e-05	0.030446	vapor
329.05	0.10000	0.79765	1.2537	187.94	313.31	4.2419	0.31224	0.52057	457.24	0.54619	3.9027e-05	0.030472	vapor
329.77	0.10000	0.79670	1.2552	188.16	313.68	4.2425	0.31224	0.52056	457.51	0.54301	3.9061e-05	0.030499	vapor
330.48	0.10000	0.79576	1.2567	188.39	314.05	4.2431	0.31224	0.52056	457.78	0.53983	3.9094e-05	0.030525	vapor
331.20	0.10000	0.79481	1.2582	188.61	314.42	4.2437	0.31224	0.52056	458.05	0.53666	3.9128e-05	0.030552	vapor
331.92	0.10000	0.79387	1.2596	188.83	314.80	4.2444	0.31224	0.52056	458.32	0.53349	3.9162e-05	0.030578	vapor
332.63	0.10000	0.79293	1.2611	189.06	315.17	4.2450	0.31224	0.52056	458.59	0.53034	3.9196e-05	0.030604	vapor
333.35	0.10000	0.79200	1.2626	189.28	315.54	4.2456	0.31224	0.52056	458.86	0.52720	3.9230e-05	0.030631	vapor
334.07	0.10000	0.79106	1.2641	189.50	315.92	4.2462	0.31224	0.52056	459.14	0.52406	3.9263e-05	0.030657	vapor
334.78	0.10000	0.79013	1.2656	189.73	316.29	4.2468	0.31224	0.52056	459.41	0.52093	3.9297e-05	0.030683	vapor
335.50	0.10000	0.78920	1.2671	189.95	316.66	4.2474	0.31224	0.52056	459.68	0.51781	3.9331e-05	0.030710	vapor
336.22	0.10000	0.78827	1.2686	190.18	317.04	4.2480	0.31224	0.52056	459.95	0.51470	3.9365e-05	0.030736	vapor
336.93	0.10000	0.78734	1.2701	190.40	317.41	4.2487	0.31224	0.52056	460.22	0.51160	3.9398e-05	0.030762	vapor
337.65	0.10000	0.78642	1.2716	190.62	317.78	4.2493	0.31224	0.52056	460.49	0.50851	3.9432e-05	0.030789	vapor
338.37	0.10000	0.78550	1.2731	190.85	318.16	4.2499	0.31224	0.52056	460.76	0.50542	3.9466e-05	0.030815	vapor
339.08	0.10000	0.78458	1.2746	191.07	318.53	4.2505	0.31224	0.52056	461.03	0.50234	3.9499e-05	0.030841	vapor
339.80	0.10000	0.78366	1.2761	191.30	318.90	4.2511	0.31224	0.52056	461.30	0.49928	3.9533e-05	0.030867	vapor
340.52	0.10000	0.78274	1.2776	191.52	319.27	4.2517	0.31224	0.52056	461.57	0.49621	3.9566e-05	0.030894	vapor
341.23	0.10000	0.78183	1.2790	191.74	319.65	4.2523	0.31224	0.52055	461.84	0.49316	3.9600e-05	0.030920	vapor
341.95	0.10000	0.78092	1.2805	191.97	320.02	4.2529	0.31224	0.52055	462.11	0.49012	3.9633e-05	0.030946	vapor
342.67	0.10000	0.78001	1.2820	192.19	320.39	4.2535	0.31224	0.52055	462.37	0.48708	3.9667e-05	0.030972	vapor
343.38	0.10000	0.77910	1.2835	192.41	320.77	4.2541	0.31224	0.52055	462.64	0.48405	3.9701e-05	0.030998	vapor
344.10	0.10000	0.77820	1.2850	192.64	321.14	4.2547	0.31224	0.52055	462.91	0.48103	3.9734e-05	0.031024	vapor
344.82	0.10000	0.77730	1.2865	192.86	321.51	4.2553	0.31224	0.52055	463.18	0.47802	3.9768e-05	0.031051	vapor
345.53	0.10000	0.77640	1.2880	193.09	321.89	4.2559	0.31224	0.52055	463.45	0.47502	3.9801e-05	0.031077	vapor
346.25	0.10000	0.77550	1.2895	193.31	322.26	4.2566	0.31224	0.52055	463.72	0.47202	3.9834e-05	0.031103	vapor
346.97	0.10000	0.77460	1.2910	193.53	322.63	4.2572	0.31224	0.52055	463.98	0.46903	3.9868e-05	0.031129	vapor
347.68	0.10000	0.77371	1.2925	193.76	323.01	4.2578	0.31224	0.52055	464.25	0.46605	3.9901e-05	0.031155	vapor
348.40	0.10000	0.77282	1.2940	193.98	323.38	4.2584	0.31224	0.52055	464.52	0.46308	3.9935e-05	0.031181	vapor
349.12	0.10000	0.77192	1.2955	194.21	323.75	4.2590	0.31224	0.52055	464.79	0.46012	3.9968e-05	0.031207	vapor
349.83	0.10000	0.77104	1.2970	194.43	324.12	4.2596	0.31224	0.52055	465.06	0.45716	4.0001e-05	0.031233	vapor
350.55	0.10000	0.77015	1.2984	194.65	324.50	4.2602	0.31224	0.52055	465.32	0.45421	4.0035e-05	0.031259	vapor
351.27	0.10000	0.76927	1.2999	194.88	324.87	4.2608	0.31224	0.52055	465.59	0.45127	4.0068e-05	0.031285	vapor
351.98	0.10000	0.76838	1.3014	195.10	325.24	4.2613	0.31224	0.52055	465.86	0.44834	4.0102e-05	0.031311	vapor
352.70	0.10000	0.76750	1.3029	195.32	325.62	4.2619	0.31224	0.52055	466.12	0.44541	4.0135e-05	0.031337	vapor
353.42	0.10000	0.76663	1.3044	195.55	325.99	4.2625	0.31224	0.52055	466.39	0.44249	4.0168e-05	0.031363	vapor
354.13	0.10000	0.76575	1.3059	195.77	326.36	4.2631	0.31224	0.52054	466.66	0.43958	4.0201e-05	0.031389	vapor
354.85	0.10000	0.76488	1.3074	196.00	326.74	4.2637	0.31224	0.52054	466.92	0.43668	4.0235e-05	0.031415	vapor
355.57	0.10000	0.76400	1.3089	196.22	327.11	4.2643	0.31224	0.52054	467.19	0.43378	4.0268e-05	0.031441	vapor
356.28	0.10000	0.76313	1.3104	196.44	327.48	4.2649	0.31224	0.52054	467.46	0.43090	4.0301e-05	0.031467	vapor
357.00	0.10000	0.76227	1.3119	196.67	327.86	4.2655	0.31223	0.52054	467.72	0.42802	4.0334e-05	0.031493	vapor
357.72	0.10000	0.76140	1.3134	196.89	328.23	4.2661	0.31223	0.52054	467.99	0.42514	4.0367e-05	0.031519	vapor
358.43	0.10000	0.76054	1.3149	197.11	328.60	4.2667	0.31223	0.52054	468.25	0.42228	4.0401e-05	0.031545	vapor
359.15	0.10000	0.75967	1.3164	197.34	328.97	4.2673	0.31223	0.52054	468.52	0.41942	4.0434e-05	0.031570	vapor
359.87	0.10000	0.75881	1.3178	197.56	329.35	4.2679	0.31223	0.52054	468.78	0.41657	4.0467e-05	0.031596	vapor
360.58	0.10000	0.75796	1.3193	197.79	329.72	4.2685	0.31223	0.52054	469.05	0.41373	4.0500e-05	0.031622	vapor
361.30	0.10000	0.75710	1.3208	198.01	330.09	4.2690	0.31223	0.52054	469.31	0.41089	4.0533e-05	0.031648	vapor
362.02	0.10000	0.75624	1.3223	198.23	330.47	4.2696	0.31223	0.52054	469.58	0.40807	4.0566e-05	0.031674	vapor
362.73	0.10000	0.75539	1.3238	198.46	330.84	4.2702	0.31223	0.52054	469.84	0.40524	4.0599e-05	0.031700	vapor
363.45	0.10000	0.75454	1.3253	198.68	331.21	4.2708	0.31223	0.52054	470.11	0.40243	4.0632e-05	0.031725	vapor
364.17	0.10000	0.75369	1.3268	198.91	331.59	4.2714	0.31223	0.52054	470.37	0.39963	4.0665e-05	0.031751	vapor
364.88	0.10000	0.75285	1.3283	199.13	331.96	4.2720	0.31223	0.52054	470.64	0.39683	4.0698e-05	0.031777	vapor
365.60	0.10000	0.75200	1.3298	199.35	332.33	4.2726	0.31223	0.52054	470.90	0.39403	4.0731e-05	0.031803	vapor
366.32	0.10000	0.75116	1.3313	199.58	332.70	4.2731	0.31223	0.52054	471.17	0.39125	4.0764e-05	0.031828	vapor
367.03	0.10000	0.75032	1.3328	199.80	333.08	4.2737	0.31223	0.52053	471.43	0.38847	4.0797e-05	0.031854	vapor
367.75	0.10000	0.74948	1.3343	200.02	333.45	4.2743	0.31223	0.52053	471.69	0.38570	4.0830e-05	0.031880	vapor
368.47	0.10000	0.74864	1.3358	200.25	333.82	4.2749	0.31223	0.52053	471.96	0.38294	4.0863e-05	0.031905	vapor
369.18	0.10000	0.74781	1.3372	200.47	334.20	4.2755	0.31223	0.52053	472.22	0.38018	4.0896e-05	0.031931	vapor
369.90	0.10000	0.74697	1.3387	200.70	334.57	4.2761	0.31223	0.52053	472.48	0.37743	4.0929e-05	0.031957	vapor
370.62	0.10000	0.74614	1.3402	200.92	334.94	4.2766	0.31223	0.52053	472.75	0.37469	4.0962e-05	0.031982	vapor
371.33	0.10000	0.74531	1.3417	201.14	335.32	4.2772	0.31223	0.52053	473.01	0.37196	4.0995e-05	0.032008	vapor
372.05	0.10000	0.74448	1.3432	201.37	335.69	4.2778	0.31223	0.52053	473.27	0.36923	4.1028e-05	0.032034	vapor
372.77	0.10000	0.74366	1.3447	201.59	336.06	4.2784	0.31223	0.52053	473.53	0.36651	4.1060e-05	0.032059	vapor
373.48	0.10000	0.74283	1.3462	201.82	336.44	4.2789	0.31223	0.52053	473.80	0.36379	4.1093e-05	0.032085	vapor
374.20	0.10000	0.74201	1.3477	202.04	336.81	4.2795	0.31223	0.52053	474.06	0.36109	4.1126e-05	0.032111	vapor
374.92	0.10000	0.74119	1.3492	202.26	337.18	4.2801	0.31223	0.52053	474.32	0.35839	4.1159e-05	0.032136	vapor
375.63	0.10000	0.74037	1.3507	202.49	337.55	4.2807	0.31223	0.52053	474.58	0.35569	4.1192e-05	0.032162	vapor
376.35	0.10000	0.73955	1.3522	202.71	337.93	4.2813	0.31223	0.52053	474.85	0.35301	4.1224e-05	0.032187	vapor
377.07	0.10000	0.73874	1.3537	202.93	338.30	4.2818	0.31223	0.52053	475.11	0.35033	4.1257e-05	0.032213	vapor
377.78	0.10000	0.73792	1.3552	203.16	338.67	4.2824	0.31223	0.52053	475.37	0.34765	4.1290e-05	0.032238	vapor
378.50	0.10000	0.73711	1.3566	203.38	339.05	4.2830	0.31223	0.52053	475.63	0.34499	4.1322e-05	0.032264	vapor
379.22	0.10000	0.73630	1.3581	203.61	339.42	4.2835	0.31223	0.52053	475.89	0.34233	4.1355e-05	0.032289	vapor
379.93	0.10000	0.73550	1.3596	203.83	339.79	4.2841	0.31223	0.52053	476.15	0.33967	4.1388e-05	0.032315	vapor
380.65	0.10000	0.73469	1.3611	204.05	340.17	4.2847	0.31223	0.52053	476.41	0.33703	4.1420e-05	0.032340	vapor
381.37	0.10000	0.73388	1.3626	204.28	340.54	4.2853	0.31223	0.52052	476.68	0.33439	4.1453e-05	0.032366	vapor
382.08	0.10000	0.73308	1.3641	204.50	340.91	4.2858	0.31223	0.52052	476.94	0.33176	4.1486e-05	0.032391	vapor
382.80	0.10000	0.73228	1.3656	204.73	341.28	4.2864	0.31223	0.52052	477.20	0.32913	4.1518e-05	0.032417	vapor
383.52	0.10000	0.73148	1.3671	204.95	341.66	4.2870	0.31223	0.52052	477.46	0.32651	4.1551e-05	0.032442	vapor
384.23	0.10000	0.73068	1.3686	205.17	342.03	4.2875	0.31223	0.52052	477.72	0.32390	4.1583e-05	0.032468	vapor
384.95	0.10000	0.72989	1.3701	205.40	342.40	4.2881	0.31223	0.52052	477.98	0.32129	4.1616e-05	0.032493	vapor
385.67	0.10000	0.72909	1.3716	205.62	342.78	4.2887	0.31223	0.52052	478.24	0.31869	4.1649e-05	0.032518	vapor
386.38	0.10000	0.72830	1.3731	205.84	343.15	4.2892	0.31223	0.52052	478.50	0.31610	4.1681e-05	0.032544	vapor
387.10	0.10000	0.72751	1.3746	206.07	343.52	4.2898	0.31223	0.52052	478.76	0.31351	4.1714e-05	0.032569	vapor
387.82	0.10000	0.72672	1.3760	206.29	343.90	4.2904	0.31223	0.52052	479.02	0.31093	4.1746e-05	0.032594	vapor
388.53	0.10000	0.72593	1.3775	206.52	344.27	4.2909	0.31223	0.52052	479.28	0.30835	4.1779e-05	0.032620	vapor
389.25	0.10000	0.72515	1.3790	206.74	344.64	4.2915	0.31223	0.52052	479.54	0.30579	4.1811e-05	0.032645	vapor
389.97	0.10000	0.72437	1.3805	206.96	345.02	4.2921	0.31223	0.52052	479.80	0.30322	4.1843e-05	0.032670	vapor
390.68	0.10000	0.72358	1.3820	207.19	345.39	4.2926	0.31223	0.52052	480.05	0.30067	4.1876e-05	0.032696	vapor
391.40	0.10000	0.72280	1.3835	207.41	345.76	4.2932	0.31223	0.52052	480.31	0.29812	4.1908e-05	0.032721	vapor
392.12	0.10000	0.72202	1.3850	207.63	346.13	4.2937	0.31223	0.52052	480.57	0.29558	4.1941e-05	0.032746	vapor
392.83	0.10000	0.72125	1.3865	207.86	346.51	4.2943	0.31223	0.52052	480.83	0.29304	4.1973e-05	0.032772	vapor
393.55	0.10000	0.72047	1.3880	208.08	346.88	4.2949	0.31223	0.52052	481.09	0.29051	4.2005e-05	0.032797	vapor
394.27	0.10000	0.71970	1.3895	208.31	347.25	4.2954	0.31223	0.52052	481.35	0.28799	4.2038e-05	0.032822	vapor
394.98	0.10000	0.71893	1.3910	208.53	347.63	4.2960	0.31223	0.52052	481.61	0.28547	4.2070e-05	0.032847	vapor
395.70	0.10000	0.71816	1.3925	208.75	348.00	4.2965	0.31223	0.52052	481.86	0.28296	4.2102e-05	0.032872	vapor
396.42	0.10000	0.71739	1.3939	208.98	348.37	4.2971	0.31223	0.52052	482.12	0.28045	4.2135e-05	0.032898	vapor
397.13	0.10000	0.71662	1.3954	209.20	348.75	4.2976	0.31223	0.52051	482.38	0.27795	4.2167e-05	0.032923	vapor
397.85	0.10000	0.71585	1.3969	209.43	349.12	4.2982	0.31223	0.52051	482.64	0.27546	4.2199e-05	0.032948	vapor
398.57	0.10000	0.71509	1.3984	209.65	349.49	4.2988	0.31223	0.52051	482.90	0.27297	4.2232e-05	0.032973	vapor
399.28	0.10000	0.71433	1.3999	209.87	349.86	4.2993	0.31223	0.52051	483.15	0.27049	4.2264e-05	0.032998	vapor
400.00	0.10000	0.71357	1.4014	210.10	350.24	4.2999	0.31223	0.52051	483.41	0.26802	4.2296e-05	0.033024	vapor
