Temperature (C)	Pressure (MPa)	Density (kg/m3)	Volume (m3/kg)	Internal Energy (kJ/kg)	Enthalpy (kJ/kg)	Entropy (J/g*K)	Cv (J/g*K)	Cp (J/g*K)	Sound Spd. (m/s)	Joule-Thomson (K/MPa)	Viscosity (Pa*s)	Therm. Cond. (W/m*K)	Phase
-30.000	2.0000	40.703	0.024568	71.788	120.92	3.1297	0.31892	0.56291	290.26	5.0114	1.9485e-05	0.015634	vapor
-20.000	2.0000	38.925	0.025690	75.150	126.53	3.1523	0.31814	0.55842	296.65	4.6696	2.0133e-05	0.016128	vapor
-10.000	2.0000	37.307	0.026804	78.486	132.09	3.1739	0.31748	0.55462	302.86	4.3597	2.0774e-05	0.016618	vapor
0.0000	2.0000	35.827	0.027912	81.801	137.62	3.1945	0.31693	0.55137	308.90	4.0774	2.1409e-05	0.017103	vapor
10.000	2.0000	34.467	0.029013	85.098	143.12	3.2143	0.31646	0.54857	314.80	3.8192	2.2038e-05	0.017585	vapor
20.000	2.0000	33.213	0.030109	88.379	148.60	3.2333	0.31606	0.54614	320.56	3.5822	2.2660e-05	0.018062	vapor
30.000	2.0000	32.050	0.031201	91.646	154.05	3.2515	0.31572	0.54401	326.19	3.3638	2.3275e-05	0.018534	vapor
40.000	2.0000	30.971	0.032288	94.901	159.48	3.2692	0.31542	0.54214	331.71	3.1620	2.3885e-05	0.019002	vapor
50.000	2.0000	29.965	0.033373	98.146	164.89	3.2862	0.31516	0.54048	337.12	2.9750	2.4487e-05	0.019467	vapor
60.000	2.0000	29.025	0.034454	101.38	170.29	3.3026	0.31494	0.53900	342.42	2.8013	2.5084e-05	0.019926	vapor
70.000	2.0000	28.144	0.035532	104.61	175.67	3.3186	0.31474	0.53768	347.63	2.6394	2.5675e-05	0.020382	vapor
80.000	2.0000	27.317	0.036607	107.83	181.04	3.3340	0.31456	0.53650	352.76	2.4882	2.6259e-05	0.020832	vapor
90.000	2.0000	26.539	0.037681	111.04	186.40	3.3489	0.31440	0.53543	357.79	2.3467	2.6838e-05	0.021279	vapor
100.00	2.0000	25.805	0.038752	114.25	191.75	3.3635	0.31426	0.53446	362.75	2.2141	2.7411e-05	0.021721	vapor
110.00	2.0000	25.112	0.039821	117.45	197.09	3.3776	0.31413	0.53359	367.63	2.0894	2.7978e-05	0.022159	vapor
120.00	2.0000	24.457	0.040889	120.65	202.42	3.3913	0.31402	0.53279	372.44	1.9721	2.8540e-05	0.022593	vapor
130.00	2.0000	23.835	0.041955	123.84	207.75	3.4047	0.31392	0.53206	377.18	1.8615	2.9097e-05	0.023023	vapor
140.00	2.0000	23.246	0.043019	127.03	213.06	3.4177	0.31382	0.53140	381.86	1.7571	2.9648e-05	0.023449	vapor
150.00	2.0000	22.685	0.044082	130.21	218.38	3.4304	0.31374	0.53078	386.47	1.6583	3.0194e-05	0.023871	vapor
160.00	2.0000	22.151	0.045144	133.39	223.68	3.4428	0.31366	0.53022	391.02	1.5648	3.0735e-05	0.024290	vapor
170.00	2.0000	21.643	0.046205	136.57	228.98	3.4549	0.31359	0.52970	395.52	1.4761	3.1271e-05	0.024705	vapor
180.00	2.0000	21.157	0.047265	139.75	234.27	3.4667	0.31352	0.52922	399.96	1.3919	3.1802e-05	0.025116	vapor
190.00	2.0000	20.694	0.048324	142.92	239.56	3.4783	0.31346	0.52878	404.34	1.3118	3.2329e-05	0.025523	vapor
200.00	2.0000	20.250	0.049382	146.09	244.85	3.4896	0.31341	0.52836	408.68	1.2356	3.2851e-05	0.025928	vapor
210.00	2.0000	19.826	0.050439	149.25	250.13	3.5006	0.31336	0.52798	412.97	1.1629	3.3368e-05	0.026328	vapor
220.00	2.0000	19.419	0.051495	152.42	255.41	3.5114	0.31331	0.52762	417.20	1.0937	3.3881e-05	0.026726	vapor
230.00	2.0000	19.029	0.052550	155.58	260.68	3.5220	0.31327	0.52729	421.40	1.0275	3.4390e-05	0.027120	vapor
240.00	2.0000	18.655	0.053605	158.75	265.96	3.5324	0.31322	0.52698	425.55	0.96431	3.4895e-05	0.027511	vapor
250.00	2.0000	18.295	0.054660	161.91	271.22	3.5426	0.31319	0.52669	429.66	0.90384	3.5395e-05	0.027899	vapor
260.00	2.0000	17.949	0.055713	165.06	276.49	3.5525	0.31315	0.52641	433.72	0.84594	3.5892e-05	0.028284	vapor
270.00	2.0000	17.616	0.056766	168.22	281.75	3.5623	0.31312	0.52616	437.75	0.79046	3.6384e-05	0.028666	vapor
280.00	2.0000	17.295	0.057819	171.38	287.01	3.5719	0.31309	0.52592	441.73	0.73726	3.6873e-05	0.029044	vapor
290.00	2.0000	16.986	0.058871	174.53	292.27	3.5813	0.31306	0.52569	445.68	0.68619	3.7358e-05	0.029420	vapor
300.00	2.0000	16.688	0.059922	177.68	297.53	3.5906	0.31303	0.52547	449.60	0.63714	3.7839e-05	0.029794	vapor
310.00	2.0000	16.401	0.060973	180.83	302.78	3.5997	0.31300	0.52527	453.47	0.59000	3.8317e-05	0.030164	vapor
320.00	2.0000	16.123	0.062024	183.98	308.03	3.6086	0.31298	0.52508	457.32	0.54465	3.8791e-05	0.030532	vapor
330.00	2.0000	15.854	0.063074	187.13	313.28	3.6174	0.31295	0.52490	461.13	0.50101	3.9262e-05	0.030897	vapor
340.00	2.0000	15.595	0.064124	190.28	318.53	3.6260	0.31293	0.52473	464.90	0.45898	3.9729e-05	0.031260	vapor
350.00	2.0000	15.344	0.065174	193.43	323.78	3.6345	0.31291	0.52457	468.65	0.41848	4.0193e-05	0.031620	vapor
360.00	2.0000	15.100	0.066223	196.58	329.02	3.6429	0.31289	0.52442	472.36	0.37942	4.0654e-05	0.031977	vapor
370.00	2.0000	14.865	0.067272	199.72	334.27	3.6511	0.31287	0.52428	476.05	0.34174	4.1112e-05	0.032333	vapor
380.00	2.0000	14.637	0.068321	202.87	339.51	3.6592	0.31286	0.52414	479.70	0.30536	4.1566e-05	0.032685	vapor
390.00	2.0000	14.416	0.069369	206.01	344.75	3.6671	0.31284	0.52401	483.33	0.27023	4.2017e-05	0.033036	vapor
400.00	2.0000	14.201	0.070417	209.15	349.99	3.6750	0.31282	0.52388	486.93	0.23628	4.2466e-05	0.033384	vapor
410.00	2.0000	13.993	0.071465	212.30	355.23	3.6827	0.31281	0.52376	490.50	0.20345	4.2911e-05	0.033730	vapor
420.00	2.0000	13.791	0.072512	215.44	360.46	3.6903	0.31279	0.52365	494.04	0.17170	4.3354e-05	0.034073	vapor
