Temperature (C)	Pressure (MPa)	Density (kg/m3)	Volume (m3/kg)	Internal Energy (kJ/kg)	Enthalpy (kJ/kg)	Entropy (J/g*K)	Cv (J/g*K)	Cp (J/g*K)	Sound Spd. (m/s)	Joule-Thomson (K/MPa)	Viscosity (Pa*s)	Therm. Cond. (W/m*K)	Phase
-30.000	2.0000	32.639	0.030639	152.42	213.70	5.4244	0.66108	0.96774	295.02	3.7945	1.7910e-05	0.022764	vapor
-20.000	2.0000	31.207	0.032044	159.26	223.35	5.4633	0.66077	0.96256	301.67	3.5241	1.8463e-05	0.023541	vapor
-10.000	2.0000	29.905	0.033439	166.08	232.95	5.5005	0.66080	0.95847	308.11	3.2799	1.9012e-05	0.024318	vapor
0.0000	2.0000	28.715	0.034825	172.87	242.52	5.5362	0.66112	0.95526	314.35	3.0582	1.9556e-05	0.025096	vapor
10.000	2.0000	27.622	0.036203	179.66	252.06	5.5705	0.66173	0.95280	320.40	2.8560	2.0095e-05	0.025873	vapor
20.000	2.0000	26.614	0.037574	186.43	261.58	5.6035	0.66258	0.95099	326.30	2.6706	2.0630e-05	0.026651	vapor
30.000	2.0000	25.681	0.038940	193.20	271.08	5.6354	0.66367	0.94974	332.04	2.5000	2.1159e-05	0.027430	vapor
40.000	2.0000	24.814	0.040300	199.98	280.58	5.6662	0.66497	0.94898	337.63	2.3426	2.1683e-05	0.028209	vapor
50.000	2.0000	24.006	0.041656	206.75	290.06	5.6960	0.66648	0.94865	343.10	2.1968	2.2203e-05	0.028990	vapor
60.000	2.0000	23.252	0.043008	213.54	299.55	5.7249	0.66818	0.94872	348.44	2.0614	2.2717e-05	0.029772	vapor
70.000	2.0000	22.545	0.044355	220.33	309.04	5.7530	0.67005	0.94913	353.66	1.9355	2.3226e-05	0.030556	vapor
80.000	2.0000	21.882	0.045700	227.13	318.53	5.7803	0.67209	0.94985	358.77	1.8180	2.3730e-05	0.031341	vapor
90.000	2.0000	21.258	0.047041	233.95	328.04	5.8068	0.67428	0.95085	363.78	1.7082	2.4229e-05	0.032127	vapor
100.00	2.0000	20.670	0.048380	240.79	337.55	5.8327	0.67661	0.95210	368.68	1.6054	2.4723e-05	0.032915	vapor
110.00	2.0000	20.114	0.049716	247.65	347.08	5.8579	0.67907	0.95357	373.50	1.5090	2.5212e-05	0.033704	vapor
120.00	2.0000	19.588	0.051050	254.52	356.62	5.8824	0.68164	0.95525	378.22	1.4185	2.5697e-05	0.034495	vapor
130.00	2.0000	19.090	0.052382	261.42	366.19	5.9065	0.68431	0.95710	382.87	1.3333	2.6177e-05	0.035288	vapor
140.00	2.0000	18.618	0.053713	268.34	375.77	5.9299	0.68707	0.95911	387.43	1.2532	2.6653e-05	0.036081	vapor
150.00	2.0000	18.168	0.055041	275.29	385.37	5.9529	0.68991	0.96127	391.92	1.1776	2.7124e-05	0.036876	vapor
160.00	2.0000	17.741	0.056368	282.26	394.99	5.9754	0.69282	0.96354	396.34	1.1064	2.7591e-05	0.037672	vapor
170.00	2.0000	17.333	0.057693	289.25	404.64	5.9974	0.69579	0.96592	400.69	1.0390	2.8054e-05	0.038469	vapor
180.00	2.0000	16.944	0.059017	296.28	414.31	6.0190	0.69881	0.96840	404.98	0.97532	2.8512e-05	0.039267	vapor
190.00	2.0000	16.573	0.060339	303.33	424.01	6.0401	0.70186	0.97095	409.20	0.91503	2.8967e-05	0.040065	vapor
200.00	2.0000	16.218	0.061661	310.41	433.73	6.0609	0.70495	0.97358	413.37	0.85793	2.9417e-05	0.040863	vapor
210.00	2.0000	15.878	0.062981	317.52	443.48	6.0813	0.70806	0.97625	417.48	0.80378	2.9864e-05	0.041662	vapor
220.00	2.0000	15.552	0.064300	324.66	453.26	6.1013	0.71119	0.97898	421.54	0.75240	3.0307e-05	0.042461	vapor
230.00	2.0000	15.240	0.065619	331.82	463.06	6.1210	0.71432	0.98174	425.54	0.70360	3.0746e-05	0.043259	vapor
240.00	2.0000	14.940	0.066936	339.02	472.89	6.1404	0.71746	0.98453	429.50	0.65721	3.1181e-05	0.044057	vapor
250.00	2.0000	14.651	0.068253	346.24	482.75	6.1594	0.72060	0.98733	433.41	0.61309	3.1613e-05	0.044855	vapor
260.00	2.0000	14.374	0.069568	353.50	492.64	6.1781	0.72373	0.99015	437.28	0.57110	3.2042e-05	0.045651	vapor
270.00	2.0000	14.108	0.070884	360.79	502.55	6.1965	0.72684	0.99298	441.11	0.53109	3.2467e-05	0.046447	vapor
280.00	2.0000	13.851	0.072198	368.10	512.50	6.2147	0.72994	0.99580	444.89	0.49296	3.2889e-05	0.047241	vapor
290.00	2.0000	13.603	0.073512	375.45	522.47	6.2325	0.73301	0.99862	448.64	0.45658	3.3307e-05	0.048034	vapor
300.00	2.0000	13.365	0.074825	382.82	532.47	6.2501	0.73606	1.0014	452.35	0.42186	3.3722e-05	0.048825	vapor
310.00	2.0000	13.134	0.076138	390.22	542.50	6.2675	0.73909	1.0042	456.02	0.38869	3.4135e-05	0.049615	vapor
320.00	2.0000	12.912	0.077450	397.65	552.55	6.2846	0.74208	1.0070	459.65	0.35699	3.4544e-05	0.050403	vapor
330.00	2.0000	12.697	0.078761	405.12	562.64	6.3014	0.74504	1.0098	463.26	0.32667	3.4950e-05	0.051188	vapor
340.00	2.0000	12.489	0.080072	412.60	572.75	6.3181	0.74797	1.0125	466.83	0.29765	3.5353e-05	0.051972	vapor
350.00	2.0000	12.288	0.081383	420.12	582.89	6.3345	0.75085	1.0152	470.37	0.26987	3.5754e-05	0.052753	vapor
360.00	2.0000	12.093	0.082693	427.67	593.05	6.3507	0.75370	1.0179	473.88	0.24325	3.6151e-05	0.053531	vapor
370.00	2.0000	11.904	0.084003	435.24	603.25	6.3666	0.75651	1.0205	477.36	0.21772	3.6546e-05	0.054307	vapor
380.00	2.0000	11.722	0.085312	442.84	613.46	6.3824	0.75928	1.0232	480.81	0.19324	3.6938e-05	0.055081	vapor
390.00	2.0000	11.545	0.086621	450.47	623.71	6.3980	0.76201	1.0257	484.23	0.16974	3.7328e-05	0.055851	vapor
400.00	2.0000	11.373	0.087930	458.12	633.98	6.4133	0.76470	1.0283	487.63	0.14717	3.7715e-05	0.056619	vapor
410.00	2.0000	11.206	0.089238	465.80	644.27	6.4285	0.76734	1.0308	491.00	0.12548	3.8099e-05	0.057383	vapor
420.00	2.0000	11.044	0.090546	473.50	654.59	6.4435	0.76994	1.0333	494.35	0.10463	3.8481e-05	0.058145	vapor
430.00	2.0000	10.887	0.091854	481.23	664.94	6.4583	0.77250	1.0357	497.67	0.084579	3.8861e-05	0.058903	vapor
440.00	2.0000	10.734	0.093161	488.99	675.31	6.4730	0.77501	1.0381	500.96	0.065277	3.9238e-05	0.059658	vapor
450.00	2.0000	10.586	0.094468	496.77	685.70	6.4874	0.77748	1.0405	504.24	0.046692	3.9613e-05	0.060410	vapor
460.00	2.0000	10.441	0.095775	504.57	696.12	6.5018	0.77991	1.0428	507.49	0.028787	3.9986e-05	0.061159	vapor
470.00	2.0000	10.301	0.097082	512.39	706.56	6.5159	0.78229	1.0451	510.72	0.011530	4.0356e-05	0.061904	vapor
480.00	2.0000	10.164	0.098388	520.24	717.02	6.5299	0.78463	1.0473	513.93	-0.0051115	4.0724e-05	0.062645	vapor
490.00	2.0000	10.031	0.099695	528.12	727.50	6.5437	0.78692	1.0495	517.12	-0.021167	4.1090e-05	0.063383	vapor
500.00	2.0000	9.9009	0.10100	536.01	738.01	6.5574	0.78918	1.0517	520.28	-0.036663	4.1454e-05	0.064118	vapor
510.00	2.0000	9.7746	0.10231	543.93	748.54	6.5709	0.79139	1.0538	523.43	-0.051628	4.1816e-05	0.064849	vapor
520.00	2.0000	9.6514	0.10361	551.86	759.09	6.5843	0.79356	1.0559	526.56	-0.066084	4.2176e-05	0.065576	vapor
530.00	2.0000	9.5313	0.10492	559.82	769.66	6.5975	0.79569	1.0580	529.67	-0.080056	4.2533e-05	0.066300	vapor
540.00	2.0000	9.4142	0.10622	567.80	780.25	6.6106	0.79778	1.0600	532.76	-0.093566	4.2889e-05	0.067020	vapor
550.00	2.0000	9.3000	0.10753	575.80	790.86	6.6236	0.79983	1.0620	535.83	-0.10663	4.3243e-05	0.067736	vapor
560.00	2.0000	9.1885	0.10883	583.82	801.49	6.6365	0.80184	1.0639	538.88	-0.11928	4.3595e-05	0.068449	vapor
570.00	2.0000	9.0796	0.11014	591.86	812.13	6.6492	0.80381	1.0658	541.92	-0.13152	4.3945e-05	0.069158	vapor
580.00	2.0000	8.9733	0.11144	599.92	822.80	6.6617	0.80575	1.0677	544.94	-0.14338	4.4294e-05	0.069863	vapor
590.00	2.0000	8.8695	0.11275	608.00	833.49	6.6742	0.80764	1.0695	547.94	-0.15487	4.4640e-05	0.070565	vapor
600.00	2.0000	8.7681	0.11405	616.09	844.19	6.6865	0.80950	1.0713	550.93	-0.16600	4.4985e-05	0.071263	vapor
610.00	2.0000	8.6690	0.11535	624.21	854.92	6.6987	0.81133	1.0731	553.90	-0.17680	4.5328e-05	0.071957	vapor
620.00	2.0000	8.5721	0.11666	632.34	865.66	6.7108	0.81312	1.0749	556.85	-0.18727	4.5670e-05	0.072647	vapor
630.00	2.0000	8.4773	0.11796	640.49	876.41	6.7228	0.81487	1.0766	559.79	-0.19742	4.6009e-05	0.073334	vapor
640.00	2.0000	8.3847	0.11927	648.66	887.19	6.7347	0.81660	1.0782	562.71	-0.20728	4.6348e-05	0.074016	vapor
650.00	2.0000	8.2940	0.12057	656.84	897.98	6.7464	0.81828	1.0799	565.61	-0.21686	4.6684e-05	0.074695	vapor
660.00	2.0000	8.2053	0.12187	665.04	908.78	6.7581	0.81994	1.0815	568.51	-0.22616	4.7019e-05	0.075371	vapor
670.00	2.0000	8.1185	0.12318	673.25	919.61	6.7696	0.82156	1.0831	571.38	-0.23519	4.7352e-05	0.076042	vapor
680.00	2.0000	8.0335	0.12448	681.49	930.44	6.7810	0.82316	1.0846	574.25	-0.24397	4.7684e-05	0.076710	vapor
690.00	2.0000	7.9502	0.12578	689.73	941.30	6.7924	0.82472	1.0861	577.10	-0.25251	4.8014e-05	0.077374	vapor
700.00	2.0000	7.8687	0.12709	698.00	952.17	6.8036	0.82625	1.0876	579.93	-0.26081	4.8343e-05	0.078035	vapor
